Estado;Código;Título;Descrição;Notas de aplicação;Exemplos de NA;Notas de exclusão;Diplomas jurídico-administrativos REF;Diplomas jurídico-administrativos complementar;Tipo de processo;Processo transversal (S/N);Dono do processo;Participante no processo;Tipo de intervenção do participante;Código do processo relacionado;Título do processo relacionado;Tipo de relação entre processos;Dimensão qualitativa do processo;Uniformização do processo;Prazo de conservação administrativa;Nota ao PCA;Justificação PCA;Normalização Forma de contagem do prazo de cons. adm.;Forma de contagem do prazo de cons. adm.;Destino final;Justificação DF;Notas;;

;350;ADMINISTRAÇÃO FINANCEIRA;Relativo à execução orçamental (no que se incluem os processamentos de despesas e de arrecadação de receitas), à gestão do Tesouro, da dívida e das aplicações financeiras.;Abrange a execução do conjunto dos orçamentos de receita e de despesa (correntes e de capital) dos serviços públicos e fundos autónomos#;;"Os procedimentos de preparação do orçamento e das alterações orçamentais, cativação/descativação de verbas, e a prestação de contas, devem ser considerados em ""Planeamento e gestão estratégica/Planeamento, avaliação e melhoria dos serviços"" (150.20);
O exercício de direitos de acionista deve ser considerado na área a que diz respeito o exercício de cada processo em concreto – ""Planeamento e gestão estratégia"" (150), ""Ordenamento jurídico e normativo"" (100), entre outras;
O controlo da emissão e circulação de moeda deve ser considerado no âmbito da ""Supervisão, controlo e responsabilização"" (500) ou do ""Ordenamento jurídico e normativo"" (100), de acordo com o processo em causa.";;;;;;;;;;;;;;;;;;;;;;

;350.10;Execução orçamental;"Compreende a contabilização da despesa e a liquidação de receita, no que se inclui a gestão dos impostos e das contribuições.
Considerar aqui a operação orçamental de reconhecimento dos direitos dos credores e das obrigações assumidas, nomeadamente nas fases de registo contabilístico de cabimento, compromisso e liquidação. Inclui a certificação de despesas, tendo por base os títulos e documentos do respetivo crédito ou habilitação ao benefício e a informação para entrega de recursos equivalentes à dívida liquidada ao credor.
Considerar igualmente aqui no âmbito da gestão de imposto, as atividades relacionadas com o ato declarativo, o controlo de faltosos, o controlo de divergências e a liquidação.
Compreende ainda o calculo e/ou lançamento de receitas provenientes da prestação de serviços (taxas) e da venda de produtos.
Inclui o processamento de isenção, redução ou fracionamento.";"Processamento de remunerações#
Processamento de indemnizações#
Processamento das despesas de aquisição#
Processamento de transferência de verbas#
Processamento de liquidação de imposto#
Pretende-se que esta classe seja utilizada genericamente pela Administração, mas também pela Autoridade Tributária e demais entidades que processem receitas públicas derivadas de impostos e contribuições#";"Processamento de remunerações (cálculo e lançamento da remuneração e de todos os abonos e descontos devidos a cada trabalhador e eleito)#
Processamento de indemnizações (cálculo e lançamento da despesa relativa a qualquer tipo de indemnização devida. Inclui por cessação de funções públicas, expropriação, danos provocados a outrem, entre outras)#
Processamento das despesas de aquisição (cálculo e lançamento da despesa corrente, proveniente da aquisição de bens e serviços, bem como a despesa de investimento; inclui o processamento da despesa tida com os fundos de maneio)#";"A elaboração do orçamento e a prestação de contas devem ser considerados em ""Planeamento e gestão estratégica/ Planeamento, avaliação e melhoria de serviços"" (150.20);
O pagamento e o recebimento/cobrança, enquanto fluxos financeiro, deve ser considerado em ""Administração financeira/ Gestão de tesouraria"" (350.30);
O controlo dos montantes em dívida deve ser considerado em ""Administração financeira/ Gestão da dívida e dos créditos públicos"" (350.40);
O processamento de contraordenações e reclamações graciosas deve ser considerado em ""Supervisão, controlo e responsabilização/ Ação sancionatória e cautelar"" (500.30);
As penhoras judiciais e consequentes execuções devem ser consideradas em ""Administração da Justiça/ Execução de penas, medidas e títulos executivos"" (600.40);
O registo de contribuintes deve ser considerado em ""Identificação e registo/Registo de dados de identificação e caracterização de entidades ou atos"" (400.10).";;;;;;;;;;;;;;;;;;;;;;

;350.10.001;Alteração orçamental;"Reforço de dotações de despesas resultantes da diminuição ou anulação de outras dotações, materializando-se em transferências inter-rubricas da despesa, sem haver lugar a aumento global da despesa prevista, assim como reforços ou inscrições de dotações de despesas, fruto da contração de empréstimos ou de outras receitas legalmente consignadas.
Inicia com a necessidade da alteração orçamental e termina com a comunicação da decisão.
Inclui as propostas de alteração e a respetiva alteração.";;;"A revisão orçamental deve ser considerada em 150.20.202 – Preparação do orçamento#

";"DL 54-A/99#
DL 84-A/2002#";"Lei do Orçamento do Estado#
Decreto Lei de Execução Orçamental#
Lei de Enquadramento Orçamental#";PC;S;AP#;"DGO#
MF#";"Iniciar#
Decidir#";"150.20.200#
150.20.202#
150.20.400#
150.20.401#
150.20.404#
350.10.500#
350.10.600#
500.10.001#";"Planeamento de necessidades de recursos humanos#
Preparação do orçamento#
Acompanhamento da execução orçamental#
Acompanhamento de liquidação de entidades#
Prestação de contas#
Apuramento da transferência de verbas entre entidades#
Lançamento de receitas e de despesas#
Realização de auditorias#
";"Sucessão (sucessor)#
Sucessão (sucessor)#
Sucessão (antecessor)#
Sucessão (sucessor)#
Síntese (sintetizado)#
Sucessão (sucessor)#
Síntese (sintetizado)#
Suplementar#";Reduzida;S;10;;"#Critério legal:
Prazo prescricional da responsabilidade financeira reintegratória ([Lei nº 98/97], artº 70º, nº 1);
- Utilidade administrativa
Prazo decorrente da necessidade de consulta deste PN para apuramento de responsabilidade em sede do PN 500.10.001 (no que diz respeito à atuação da Administração).";Data de conclusão do procedimento;Data de encerramento do processo.;E;"#Critério de densidade informacional:
Informação síntese recuperável no PN 150.20.404 - Prestação de contas.";;;

;350.10.002;Antecipação de duodécimos;"Pedido para antecipação de duodécimos das dotações orçamentais, formalizado quando os pagamentos a efetuar, devido a razões imprevisíveis, ultrapassem o saldo do duodécimo vencido nas respetivas rubricas orçamentais.  
Inicia com o pedido da necessidade e informação de suporte e termina com a notificação da aprovação ou rejeição do pedido.";;;;;"Decreto Lei de Execução Orçamental#
Lei de Enquadramento Orçamental#
Lei do Orçamento do Estado#";PC;S;AP#;AP#;Iniciar#;"150.20.404#
500.10.001#";"Prestação de contas#
Realização de auditorias#
";"Síntese (sintetizado)#
Suplementar#";Reduzida;S;10;;"#Critério legal:
Prazo prescricional da responsabilidade financeira reintegratória ([Lei nº 98/97], artº 70º, nº 1);
- Utilidade administrativa
Prazo decorrente da necessidade de consulta deste PN para apuramento de responsabilidade em sede do PN 500.10.001 (no que diz respeito à atuação da Administração).";Data de conclusão do procedimento;"Data de encerramento do processo.
";E;"#Critério de densidade informacional:
Informação síntese recuperável no PN 150.20.404 - Prestação de contas.";;;

;350.10.100;Liquidação de Imposto Sobre o Rendimento de Pessoas Singulares (IRS);"Apuramento do Imposto Sobre o Rendimento de Pessoas Singulares (IRS) dos sujeitos passivos.
Inicia com a apresentação da declaração anual de IRS pelos sujeitos passivos ou mediante iniciativa da Administração Tributária, e termina com a notificação do resultado da liquidação.
Inclui todos os procedimentos para liquidação do imposto, nomeadamente a validação da declaração e o cálculo do imposto.
";"Apuramento do rendimento tributável do regime simplificado#
Apuramento do IRS consignado#";;"O pagamento do imposto deve ser considerado em 350.30.001 – Cobrança de receitas e pagamento de despesas#
A revisão oficiosa da liquidação deve ser considerada em 350.10.515 – Revisão de atos tributários#";"DL 442-A/88#
";;PC;S;AT#; AP#;Iniciar#;"150.20.404#
350.10.102#
350.10.504#
350.10.515#
350.10.600#
350.30.001#
500.10.001#
600.30.551#
850.30.002#";"Prestação de contas#
Revisão do lucro tributável determinado por métodos indiretos#
Processamento de benefícios e incentivos fiscais e aduaneiros não contratuais#
Revisão de atos tributários#
Lançamento de receitas e de despesas#
Cobrança de receitas e pagamento de despesas#
Realização de auditorias#
Impugnação judicial tributária#
Processamento de benefícios e incentivos contratuais ao investimento#";"Síntese (sintetizado)#
Sucessão (sucessor)#
Sucessão (antecessor)#
Sucessão (antecessor)#
Síntese (sintetizado)#
Sucessão (antecessor)#
Suplementar#
Sucessão (antecessor)#
Sucessão (antecessor)#";Elevada;S;"10



";;"#Critério legal:
[DL 433/99], CPPT, artº 27, nº 2 ""Os arquivos [procedimentos administrativos e processos judiciais tributários instaurados] são obrigatoriamente mantidos durante 10 anos (...)"".";Data de conclusão do procedimento;A contar da data da conclusão do processo ou do trânsito em julgado da decisão judicial (impugnação da liquidação).;E;"#Critério de densidade informacional:
Informação síntese recuperável no PN 150.20.404 - Prestação de contas.";;;

;350.10.101;Liquidação de Imposto Sobre o Rendimento de Pessoas Coletivas (IRC);"Apuramento do Imposto Sobre o Rendimento de Pessoas Coletivas (IRC) dos sujeitos passivos.
Inicia com a apresentação da declaração anual de IRC pelos sujeitos passivos ou mediante iniciativa da Administração Tributária, e termina com a notificação do resultado da liquidação.
Inclui todos os procedimentos para liquidação do imposto, nomeadamente a validação da declaração e o cálculo do imposto.";"Apuramento do rendimento tributável por métodos indiretos#
Apuramento do rendimento tributável do regime simplificado#";;"O pagamento do imposto deve ser considerado em 350.30.001 – Cobrança de receitas e pagamento de despesas#
A revisão oficiosa da liquidação deve ser considerada em 350.10.515 – Revisão de atos tributários#";DL 442-B/88#;;PC;S;AT#;AP#;Iniciar#;"150.20.404#
350.10.600#
350.10.102#
350.10.504#
350.10.515#
350.30.001#
450.10.808#
500.10.001#
600.30.551#
850.30.002#";"Prestação de contas#
Lançamento de receitas e de despesas#
Revisão do lucro tributável determinado por métodos indiretos#
Processamento de benefícios e incentivos fiscais e aduaneiros não contratuais#
Revisão de atos tributários#
Cobrança de receitas e pagamento de despesas#
Autorização excecional#
Realização de auditorias#
Impugnação judicial tributária#
Processamento de benefícios e incentivos contratuais ao investimento#
";"Síntese (sintetizado)#
Síntese (sintetizado)#
Sucessão (sucessor)#
Sucessão (antecessor)#
Sucessão (antecessor)#
Sucessão (antecessor)#
Sucessão (sucessor)#
Suplementar#
Sucessão (antecessor)#
Sucessão (antecessor)#
";Elevada;S;"10



";;"#Critério legal:
[DL 433/99], CPPT, artº 27, nº 2 ""Os arquivos [procedimentos administrativos e processos judiciais tributários instaurados] são obrigatoriamente mantidos durante 10 anos (...)"".";Data de conclusão do procedimento;A contar da data da conclusão do processo ou do trânsito em julgado da decisão judicial (impugnação da liquidação).;E;"#Critério de densidade informacional:
Informação síntese recuperável no PN 150.20.404 - Prestação de contas.";"Pela Lei n.º 7-A/2016, de 30 de Março (Orçamento de Estado 2016) o nº 4, do art. 123º do Código do Imposto sobre o Rendimento das Pessoas Coletivas, aprovado pelo Decreto-Lei n.º 442-B/88, republicado pela Lei n.º 2/2014 e alterado pelo Decreto-Lei n.º 162/2014 e pelas Leis n.os 82-B/2014, 82-C/2014, 82-D/2014 e 5/2016 passa a ter a seguinte redação: ""Os livros, registos contabilísticos e respetivos documentos de suporte devem ser conservados em boa ordem durante o prazo de 10 anos.""
Desta forma é revogada a disposição da Lei n.º 2/2014, que alterara para 12 anos a conservação destes documentos Art. 123.º,  ""4 - Os livros, registos contabilísticos e respetivos documentos de suporte devem ser conservados em boa ordem durante o prazo de 12 anos."" ";;

;"350.10.102

";Revisão do lucro tributável determinado por métodos indiretos;"Procedimento de revisão do lucro tributável fixado por métodos indiretos visando o estabelecimento de um acordo quanto ao valor da matéria coletável a considerar para efeitos de liquidação.
Inicia com o pedido de revisão, devidamente fundamentado, a apresentar pelo sujeito passivo, com a indicação do perito que o representa, e termina com a notificação do acordo entre os peritos ou, na sua falta, com a notificação da decisão do órgão competente para a fixação da matéria coletável.
Inclui a nomeação de perito independente, e a realização de uma reunião entre os peritos para estabelecimento de um acordo.
";"Revisão normal e excecional do lucro tributável fixado por métodos indiretos tendo em vista a discussão dos pressupostos ou a quantificação da matéria coletável#
Casos em que ainda não se efetuou a liquidação, exceto no caso da revisão excecional do lucro tributável que pode ser efetuada nos três anos posteriores à liquidação#";;"As correções técnicas e as questões de direito são consideradas em 350.10.100 – Liquidação de Imposto Sobre o Rendimento de Pessoas Singulares (IRS) ou em 350.10.101 – Liquidação de Imposto sobre o Rendimento de Pessoas Coletivas (IRC)#
A revisão dos atos tributários deve ser considerada em 350.10.515 – Revisão de atos tributários#";"DL 398/98#
DL 442-A/88#
DL 442-B/88#";"DL 398/98, art 91 e 92#
DL 442-A/88, art 67#
DL 442-B/88, art 61 e 62#";PE;N;AT#;;;"150.20.404#
350.10.100#
350.10.101#
500.10.001#";"Prestação de contas#
Liquidação de Imposto Sobre o Rendimento de Pessoas Singulares (IRS)#
Liquidação de Imposto Sobre o Rendimento de Pessoas Coletivas (IRC)#
Realização de auditorias#";"Síntese (sintetizado)#
Sucessão (sucessor)#
Sucessão (sucessor)#
Suplementar#";Elevada;S;"10







";;"#Critério legal:
[DL 433/99], CPPT, artº 27, nº 2 ""Os arquivos [procedimentos administrativos e processos judiciais tributários instaurados] são obrigatoriamente mantidos durante 10 anos (...)"".";Data de conclusão do procedimento;A contar da data da conclusão do processo.;E;"#Critério de densidade informacional:
Informação síntese recuperável em
350.10.100 - Liquidação de Imposto Sobre o Rendimento de Pessoas Singulares (IRS);
350.10.101 - Liquidação de Imposto Sobre o Rendimento de Pessoas Coletivas (IRC)
São sintetizados em
150.20.404 - Prestação de contas.";;;

;350.10.200;Liquidação de Imposto Municipal Sobre Imóveis (IMI);"Apuramento do Imposto Municipal sobre Imóveis (IMI) a pagar pelos sujeitos passivos, tendo por base o valor patrimonial inscrito nas matrizes prediais (rústicas e urbanas) em 31 de dezembro de cada ano, excetuando os valores dos prédios isentos.
Inicia com o cálculo do imposto a pagar (mediante a aplicação da taxa ao valor patrimonial) e termina com a notificação da nota de liquidação ao sujeito passivo.
Inclui a validação dos dados.";;;"O pagamento do imposto deve ser considerado em 350.30.001 – Cobrança de receitas e pagamento de despesas#
A revisão oficiosa da liquidação deve ser considerada em 350.10.515 – Revisão de atos tributários#";"Lei 73/2013#
DL 287/2003#";;PE;S;AT#;AL;Apreciar#;"150.20.404#
300.30.600#
350.10.504#
350.10.515#
350.10.600#
350.30.001#
400.10.407#
500.10.001#
600.30.551#
850.30.002#";"Prestação de contas#
Avaliação de bens imóveis#
Processamento de benefícios e incentivos fiscais e aduaneiros não contratuais#
Revisão de atos tributários#
Lançamento de receitas e de despesas#
Cobrança de receitas e pagamento de despesas#
Registo de prédios nas matrizes prediais#
Realização de auditorias#
IImpugnação judicial tributária#
Processamento de benefícios e incentivos contratuais ao investimento#";"Síntese (sintetizado)#
Sucessão (antecessor)#
Sucessão (antecessor)#
Sucessão (antecessor)#
Síntese (sintetizado)#
Sucessão (antecessor)#
Cruzada#
Suplementar#
Sucessão (antecessor)#
Sucessão (antecessor)#";Elevada;S;"10



";;"#Critério legal:
[DL 433/99], CPPT, artº 27, nº 2 ""Os arquivos [procedimentos administrativos e processos judiciais tributários instaurados] são obrigatoriamente mantidos durante 10 anos (...)"".";Data de conclusão do procedimento;A contar da data da conclusão do processo ou do trânsito em julgado da decisão judicial (impugnação da liquidação).;E;"#Critério de densidade informacional:
Informação síntese recuperável no PN 150.20.404 - Prestação de contas.";;;

;350.10.201;Liquidação de Imposto Municipal Sobre Transmissões Onerosas de Imóveis (IMT);"Apuramento do Imposto Municipal Sobre Transmissões Onerosas de Imóveis (IMT).
Inicia com a apresentação da declaração para liquidação de IMT pelos sujeitos passivos ou mediante iniciativa da Administração Tributária, e termina com a notificação do resultado da liquidação aos sujeitos passivos.
Inclui todos os procedimentos para liquidação do imposto, nomeadamente a validação da declaração e o cálculo do imposto.";;;"O pagamento do imposto deve ser considerado em 350.30.001 – Cobrança de receitas e pagamento de despesas#
A revisão oficiosa da liquidação deve ser considerada em 350.10.515 – Revisão de atos tributários#";DL 287/2003#;;PE;S;AT#;AL;"Apreciar#
";"150.20.404#
350.10.504#
350.10.515#
350.10.600#
350.30.001#
400.10.407#
400.30.001#
500.10.001#
500.10.301#
600.30.551#
850.30.002#";"Prestação de contas#
Processamento de benefícios e incentivos fiscais e aduaneiros não contratuais#
Revisão de atos tributários#
Lançamento de receitas e de despesas#
Cobrança de receitas e pagamento de despesas#
Registo de prédios nas matrizes prediais#
Celebração de contratos, escrituras, títulos equivalentes e testamentos#
Realização de auditorias#
Realização de fiscalização#
Impugnação judicial tributária#
Processamento de benefícios e incentivos contratuais ao investimento#";"Síntese (sintetizado)#
sucessão (antecessor)#
Sucessão (antecessor)#
Síntese (sintetizado)#
Sucessão (antecessor)#
Sucessão (antecessor)#
Cruzada#
Suplementar#
sucessão(antecessor)#
Sucessão (antecessor)#
Sucessão (antecessor)#
";Elevada;S;"10


";;"#Critério legal:
[DL 433/99], CPPT, artº 27, nº 2 ""Os arquivos [procedimentos administrativos e processos judiciais tributários instaurados] são obrigatoriamente mantidos durante 10 anos (...)"".";Data de conclusão do procedimento;A contar da data da conclusão do processo ou do trânsito em julgado da decisão judicial (impugnação da liquidação).;C;"#Critério de densidade informacional:
Informação que comprova direitos reais que não prescrevem com o tempo, implicando a conservação de toda a informação do processo e não apenas uma síntese da liquidação noutro processo de negócio;
#Critério legal:
(ver direitos reais do Código Civil)
Constitui prova das transmissões de bens com tradição/posse.";;;

;350.10.202;Liquidação de Contribuição Especial;"Apuramento da Contribuição Especial devida pela valorização extraordinária de imóveis (prédios rústicos e terrenos para construção), decorrente da realização de determinados investimentos (ex: construção de vias rodoviárias e ferroviárias, portos e aeroportos).
Inicia com a apresentação da declaração de Contribuição Especial, pelos sujeitos passivos ou mediante iniciativa da Administração Tributária, e termina com a notificação da nota de liquidação.
Inclui todos os procedimentos para liquidação do imposto, nomeadamente a validação da declaração e o cálculo do imposto.
";;;"O pagamento do imposto deve ser considerado em 350.30.001 – Cobrança de receitas e pagamento de despesas#
A revisão oficiosa da liquidação deve ser considerada em 350.10.515 – Revisão de atos tributários#.";"DL 43/98#
DL 54/95#
";;PE;N;AT#;;;"150.20.404#
300.30.600#
350.10.504#
350.10.515#
350.10.600#
350.30.001#
400.10.407#
500.10.001#
600.30.551#
850.30.002#";"Prestação de contas#
Avaliação de bens imóveis#
Processamento de benefícios e incentivos fiscais e aduaneiros não contratuais#
Revisão de atos tributários#
Lançamento de receitas e de despesas#
Cobrança de receitas e pagamento de despesas#
Registo de prédios nas matrizes prediais#
Realização de auditorias#
Impugnação judicial tributária#
Processamento de benefícios e incentivos contratuais ao investimento#";"Síntese (sintetizado)#
Sucessão (antecessor)#
Sucessão (antecessor)#
Sucessão (antecessor)#
Síntese (sintetizado)#
Sucessão (antecessor)#
Sucessão (antecessor)#
Suplementar#
Sucessão (antecessor)#
Sucessão (antecessor)#";Média;S;10;;"#Critério legal:
[DL 433/99], CPPT, artº 27, nº 2 ""Os arquivos [procedimentos administrativos e processos judiciais tributários instaurados] são obrigatoriamente mantidos durante 10 anos (...)"".";Data de conclusão do procedimento;A contar da data da conclusão do processo ou do trânsito em julgado da decisão judicial (impugnação da liquidação).;E;"#Critério de densidade informacional:
Informação síntese recuperável no PN 150.20.404 - Prestação de contas.";;;

;350.10.203;Liquidação de Imposto Único de Circulação (IUC);"Apuramento do Imposto Único de Circulação (IUC), que incide sobre os veículos das diversas categorias previstas no Código do Imposto Único de Circulação (CIUC).
Inicia com o preenchimento da declaração eletrónica no portal da AT pelos sujeitos passivos ou mediante iniciativa da Administração Tributária e termina com a emissão do documento único de cobrança (DUC) para efeitos de pagamento.
Inclui todos os procedimentos para liquidação do imposto, nomeadamente a validação dos dados e o cálculo do imposto.";"Tributação de veículos matriculados ou registados em território nacional#
Veículos não sujeitos a matrícula em Portugal e que não sejam veículos de mercadorias com certas características, desde que permaneçam em território nacional por determinado período de tempo#";;"O pagamento do imposto deve ser considerado em 350.30.001 – Cobrança de receitas e pagamento de despesas#
A revisão oficiosa da liquidação deve ser considerada em 350.10.515 – Revisão de atos tributários#";Lei 22-A/2007#;;PE;N;AT#;;;"150.20.404#
350.10.504#
350.10.515#
350.10.600#
350.30.001#
500.10.001#
600.30.551#
850.30.002#";"Prestação de contas#
Processamento de benefícios e incentivos fiscais e aduaneiros não contratuais#
Revisão de atos tributários#
Lançamento de receitas e de despesas#
Cobrança de receitas e pagamento de despesas#
Realização de auditorias#
Impugnação judicial tributária#
Processamento de benefícios e incentivos contratuais ao investimento#";"Síntese (sintetizado)#
Sucessão (antecessor)#
Sucessão (antecessor)#
Síntese (sintetizado)#
Sucessão (antecessor)#
Suplementar#
Sucessão (antecessor)#
Sucessão (antecessor)#";Média;S;10;;"#Critério legal:
[DL 433/99], CPPT, artº 27, nº 2 ""Os arquivos [procedimentos administrativos e processos judiciais tributários instaurados] são obrigatoriamente mantidos durante 10 anos (...)"".";Data de conclusão do procedimento;A contar da data da conclusão do processo ou do trânsito em julgado da decisão judicial (impugnação da liquidação).;E;"#Critério de densidade informacional:
Informação síntese recuperável no PN 150.20.404 - Prestação de contas.";;;

;350.10.204;Liquidação de Imposto Sobre Veículos (ISV);"Apuramento do Imposto Sobre Veículos (ISV).
Inicia com a apresentação da declaração aduaneira de veículos (DAV), por transmissão eletrónica de dados, pelos operadores registados, pelos operadores reconhecidos e pelos particulares que procedam à introdução no consumo dos veículos tributáveis, bem como pelos sujeitos passivos do imposto que, de modo irregular, introduzam no consumo os referidos veículos, pelos sujeitos passivos ou mediante iniciativa da Administração Tributária e termina com a emissão do documento único de cobrança (DUC) para efeitos de pagamento.
Inclui todos os procedimentos para liquidação do imposto, nomeadamente a validação dos dados e o cálculo do imposto.

";Procedimento para atribuição de matrículas da época#;;"O pagamento do imposto deve ser considerado em 350.30.001 – Cobrança de receitas e pagamento de despesas#
A revisão oficiosa da liquidação deve ser considerada em 350.10.515 – Revisão de atos tributários#";Lei 22-A/2007#;;PE;N;AT#;;;"150.20.404#
350.10.504#
350.10.515#
350.10.600#
350.30.001#
500.10.001#
600.30.551#
850.30.002#
";"Prestação de contas#
Processamento de benefícios e incentivos fiscais e aduaneiros não contratuais#
Revisão de atos tributários#
Lançamento de receitas e de despesas#
Cobrança de receitas e pagamento de despesas#
Realização de auditorias#
Impugnação judicial tributária#
Processamento de benefícios e incentivos contratuais ao investimento#";"Síntese (sintetizado)#
Sucessão (antecessor)#
Sucessão (antecessor)#
Síntese (sintetizado)#
Sucessão (antecessor)#
Suplementar#
Sucessão (antecessor)#
Sucessão (antecessor)#";Média;S;10;;"#Critério legal:
[DL 433/99], CPPT, artº 27, nº 2 ""Os arquivos [procedimentos administrativos e processos judiciais tributários instaurados] são obrigatoriamente mantidos durante 10 anos (...)"".";Data de conclusão do procedimento;A contar da data da conclusão do processo ou do trânsito em julgado da decisão judicial (impugnação da liquidação).;E;"#Critério de densidade informacional:
Informação síntese recuperável no PN 150.20.404 - Prestação de contas.";;;

;350.10.205;Liquidação de Imposto de Selo (IS);"Apuramento do Imposto de Selo devido nos termos da Tabela anexa ao Regulamento Geral de Imposto de Selo, anexa ao respetivo código, que incide sobre atos, contratos, documentos, títulos, papéis e outros factos ou situações jurídicas previstas na referida tabela.
Inicia com o cálculo de imposto na guia entregue pelos sujeitos passivos ou mediante iniciativa da Administração Tributária, e termina, nos casos aplicáveis, com a notificação da liquidação.
Inclui todos os procedimentos para liquidação do imposto, nomeadamente a validação dos dados.
";"Escrituras de compra e venda de imóveis#
Contratos de arrendamento e subarrendamento#
Contratos de empréstimos#
Anúncios#
Prémios de bingo, de rifas e de quaisquer sorteios ou concursos#
Prémios de jogos sociais do Estado#
Concessão de garantias#
Operações financeiras#
Apólices de seguros#
Títulos de crédito#";;"A liquidação do imposto de selo que incide sobre o valor das transmissões gratuitas de bens deve ser considerado em 350.10.206 – Liquidação de Imposto de Selo sobre Transmissões Gratuitas de Bens#
O pagamento do imposto deve ser considerado em 350.30.001 – Cobrança de receitas e pagamento de despesas#
A revisão oficiosa da liquidação deve ser considerada em 350.10.515 – Revisão de atos tributários#";DL 287/2003#;;PC;S;AT#;AP#;Iniciar#;"150.20.404#
350.10.504#
350.10.515#
350.10.600#
350.30.001#
400.30.001#
500.10.001#
600.30.551#
850.30.002#";"Prestação de contas#
Processamento de benefícios e incentivos fiscais e aduaneiros não contratuais#
Revisão de atos tributários#
Lançamento de receitas e de despesas#
Cobrança de receitas e pagamento de despesas#
Celebração de contratos, escrituras, títulos equivalentes e testamentos#
Realização de auditorias#
Impugnação judicial tributária#
Processamento de benefícios e incentivos contratuais ao investimento#";"Síntese (sintetizado)#
Sucessão (antecessor)#
Sucessão (antecessor)#
Síntese (sintetizado)#
Sucessão (antecessor)#
Cruzada#
Suplementar#
Sucessão (antecessor)#
Sucessão (antecessor)#";Média;S;10;;"#Critério legal:
[DL 433/99], CPPT, artº 27, nº 2 ""Os arquivos [procedimentos administrativos e processos judiciais tributários instaurados] são obrigatoriamente mantidos durante 10 anos (...)"".";Data de conclusão do procedimento;A contar da data da conclusão do processo ou do trânsito em julgado da decisão judicial (impugnação da liquidação).;E;"#Critério de densidade informacional:
Informação síntese recuperável no PN 150.20.404 - Prestação de contas.";;;

;350.10.206;Liquidação de Imposto de Selo Sobre Transmissões Gratuitas de Bens;"Apuramento do Imposto de Selo sobre Transmissões Gratuitas de Bens.
Inicia com a apresentação da participação de transmissões gratuitas de bens sujeitas a imposto de selo pelos sujeitos passivos ou mediante iniciativa da Administração Tributária, e termina com a notificação do resultado da liquidação.
Inclui todos os procedimentos para liquidação do imposto, nomeadamente a validação da declaração, a verificação dos atos ou factos sujeitos a imposto e o cálculo do imposto.";;;"O pagamento do imposto deve ser considerado em 350.30.001 – Cobrança de receitas e pagamento de despesas#
A revisão oficiosa da liquidação deve ser considerada em 350.10.515 – Revisão de atos tributários#";DL 287/2003#;;PE;N;AT#;;;"150.20.404#
350.10.504#
350.10.515#
350.10.600#
350.30.001#
400.10.407#
500.10.001#
600.30.551#
850.30.002#";"Prestação de contas#
Processamento de benefícios e incentivos fiscais e aduaneiros não contratuais#
Revisão de atos tributários#
Lançamento de receitas e de despesas#
Cobrança de receitas e pagamento de despesas#
Registo de prédios nas matrizes prediais#
Realização de auditorias#
Impugnação judicial tributária#
Processamento de benefícios e incentivos contratuais ao investimento#";"Síntese (sintetizado)#
Sucessão (antecessor)#
Sucessão (antecessor)#
Síntese (sintetizado)#
Sucessão (antecessor)#
Sucessão (antecessor)#
Suplementar#
Sucessão (antecessor)#
Sucessão (antecessor)#";Média;S;10;;"#Critério legal:
[DL 433/99], CPPT, artº 27, nº 2 ""Os arquivos [procedimentos administrativos e processos judiciais tributários instaurados] são obrigatoriamente mantidos durante 10 anos (...)"".";Data de conclusão do procedimento;A contar da data da conclusão do processo ou do trânsito em julgado da decisão judicial (impugnação da liquidação).;C;"#Critério legal:
Informação que comprova direitos reais que não prescrevem com o tempo, implicando a conservação de toda a informação do processo e não apenas uma síntese da liquidação noutro processo de negócio;
Constitui prova das transmissões de bens com tradição/posse.";;;

;350.10.300;Liquidação de Imposto Sobre o Valor Acrescentado (IVA);"Apuramento do Imposto Sobre o Valor Acrescentado (IVA).
Inicia com a apresentação de uma declaração periódica (DP) por transmissão eletrónica de dados, efetuada pelos sujeitos passivos ou mediante iniciativa da Administração Tributária, e termina com a notificação aos sujeitos passivos para efeitos de pagamento ou com a submissão da declaração periódica do imposto.
Inclui todos os procedimentos para liquidação do imposto, nomeadamente a validação da declaração e o cálculo do imposto.";Apreciação de pedidos de renúncia à isenção do imposto#;;"O pagamento do imposto deve ser considerado em 350.30.001 – Cobrança de receitas e pagamento de despesas#
A revisão oficiosa da liquidação deve ser considerada em 350.10.515 – Revisão de atos tributários#";DL 394-B/84#;;PC;S;AT#;AP#;Iniciar#;"150.20.404#
350.10.504#
350.10.515#
350.10.600#
350.30.001#
500.10.001#
600.30.551#
850.30.002#
";"Prestação de contas#
Processamento de benefícios e incentivos fiscais e aduaneiros não contratuais#
Revisão de atos tributários#
Lançamento de receitas e de despesas#
Cobrança de receitas e pagamento de despesas#
Realização de auditorias#
Impugnação judicial tributária#
Processamento de benefícios e incentivos contratuais ao investimento#";"Síntese (sintetizado)#
Sucessão (antecessor)#
Sucessão (antecessor)#
Síntese (sintetizado)#
Sucessão (antecessor)#
Suplementar#
Sucessão (antecessor)#
Sucessão (antecessor)#
";Média;S;"10







";;"#Critério legal:
[DL 433/99], CPPT, artº 27, nº 2 ""Os arquivos [procedimentos administrativos e processos judiciais tributários instaurados] são obrigatoriamente mantidos durante 10 anos (...)"".";Data de conclusão do procedimento;A contar da data da conclusão do processo ou do trânsito em julgado da decisão judicial (impugnação da liquidação).;E;"#Critério de densidade informacional:
Informação síntese recuperável no PN 150.20.404 - Prestação de contas.";;;

;"350.10.301

";Liquidação dos Impostos Especiais Sobre o Consumo;"Apuramento dos impostos especiais sobre o consumo, tendo por base os elementos declarados pelos sujeitos passivos.
Inicia com o preenchimento de uma declaração de introdução no consumo (DIC), ou, no caso de importação, de uma declaração aduaneira (DA), pelos sujeitos passivos ou mediante iniciativa da Administração Tributária e termina com a notificação do resultado da liquidação e do prazo para efetuar o pagamento.
Inclui todos os procedimentos para liquidação de imposto, nomeadamente a validação da declaração e o cálculo do imposto.

";"Liquidação do Imposto sobre o Álcool e as Bebidas Alcoólicas (IABA)#
Liquidação do Imposto sobre os Produtos Petrolíferos e Energéticos (ISPPE)#
Liquidação do Imposto Sobre o Tabaco (IT)#
Liquidação do Imposto Sobre Sacos de Plástico Leves# 
Liquidação do Imposto Especial Sobre Bebidas Açucaradas#";;"O pagamento do imposto deve ser considerado em 350.30.001 – Cobrança de receitas e pagamento de despesas#
A revisão oficiosa da liquidação deve ser considerada em 350.10.515 – Revisão de atos tributários#";"Lei 82-D/2014#
DL 73/2010#";Lei 82-D/2014, art 30#;PE;N;AT#;;;"150.20.404#
350.10.504#
350.10.515#
350.10.600#
350.30.001#
450.10.640#
500.10.001#
600.30.551#
850.30.002#";"Prestação de contas#
Processamento de benefícios e incentivos fiscais e aduaneiros não contratuais#
Revisão de atos tributários#
Lançamento de receitas e de despesas#
Cobrança de receitas e pagamento de despesas#
Autorização de introdução de produtos e substâncias no mercado#
Realização de auditorias#
Impugnação judicial tributária#
Processamento de benefícios e incentivos contratuais ao investimento#";"Síntese (sintetizado)#
Sucessão (sucessor)#
Sucessão (antecessor)#
Síntese (sintetizado)#
Sucessão (antecessor)#
Sucessão (sucessor)#
Suplementar#
Sucessão (antecessor)#
Sucessão (antecessor)#";Média;S;"10







";;"#Critério legal:
[DL 433/99], CPPT, artº 27, nº 2 ""Os arquivos [procedimentos administrativos e processos judiciais tributários instaurados] são obrigatoriamente mantidos durante 10 anos (...)"".";Data de conclusão do procedimento;A contar da data da conclusão do processo ou do trânsito em julgado da decisão judicial (impugnação da liquidação).;E;"#Critério de densidade informacional:
Informação síntese recuperável no PN 150.20.404 - Prestação de contas.";;;

;350.10.400;Liquidação dos direitos e demais imposições aduaneiras;"Apuramento dos direitos e demais imposições aduaneiras, tendo por base os elementos declarados pelos sujeitos passivos/operadores económicos.
Inicia com o preenchimento de uma declaração aduaneira de importação (DAI) e um impresso de liquidação (IL) e termina com a notificação ao operador económico do resultado da liquidação e do prazo para efetuar o pagamento.
Inclui todos os procedimentos para liquidação de imposto, nomeadamente a validação da declaração e o cálculo do imposto.

";;;;Regulamento (CEE) 2913/92#;Regulamento (CEE) 2913/92 do Conselho#;PE;N;AT#;;;"150.20.404#
350.10.516#
350.10.517#
350.10.600#
350.30.001#
450.10.650#
450.10.441#
500.10.001#
600.30.551#
850.30.003#";"Prestação de contas#
Apuramento dos recursos próprios tradicionais da União Europeia#
Dispensa de colocação à disposição da União Europeia de recursos próprios tradicionais#
Lançamento de receitas e de despesas#
Cobrança de receitas e pagamento de despesas#
Autorização de regimes especiais aduaneiros para as mercadorias#
Reconhecimento de títulos de profissões regulamentadas#
Realização de auditorias#
Impugnação judicial tributária#
Gestão de suspensões e de contingentes pautais#";"Síntese (sintetizado)#
Sucessão (sucessor)#
Sucessão (antecessor)#
Síntese (sintetizado)#
Sucessão (antecessor)#
Sucessão (sucessor)#
Suplementar#
Suplementar#
Sucessão (antecessor)#
Sucessão (sucessor)#
";Média;S;"10







";;"#Critério legal:
[DL 433/99], CPPT, artº 27, nº 2 ""Os arquivos [procedimentos administrativos e processos judiciais tributários instaurados] são obrigatoriamente mantidos durante 10 anos (...)"".";Data de conclusão do procedimento;A contar da data da conclusão do processo ou do trânsito em julgado da decisão judicial (impugnação da liquidação).;E;"#Critério de densidade informacional:
Informação síntese recuperável no PN 150.20.404 - Prestação de contas.";;;

;350.10.500;Apuramento da transferência de verbas entre entidades;"Cálculo e lançamento das verbas entre administrações ou entre a Administração Pública e entidades privadas (associações, empresas e particulares).
Inicia com a verificação do orçamento da verba a transferir e da entidade de destino ou com o pedido da entidade para transferência da verba e termina com o lançamento da verba.
Inclui o cálculo da verba a transferir, o registo da entrada (receita) ou  a deliberação da verba a transferir (despesa).";"Transferências de verbas para sistemas sociais e de saúde, associações e empresas e particulares#
Transferência para as Regiões Autónomas do Imposto sobre o Álcool e as Bebidas Alcoólicas (IABA) pago no Continente#
Transferências do IGFSS para as entidades utilizadoras e beneficiárias de fundos do Orçamento da Segurança Social#";;;;"Lei do Orçamento do Estado#
Decreto Lei de Execução Orçamental#
Lei de Enquadramento Orçamental#";PC;S;AP#;AP#;Comunicar#;"150.20.202#
150.20.400#
150.20.404#
350.10.001#
350.10.600#
350.30.001#
350.30.004#
500.10.001#
850.10.001#";"Preparação do orçamento#
Acompanhamento da execução orçamental#
Prestação de contas#
Alteração orçamental#
Lançamento de receitas e de despesas#
Cobrança de receitas e pagamento de despesas#
Movimentação de contas bancárias#
Realização de auditorias#
Atribuição de subsídios à exploração de serviços públicos#";"Sucessão (sucessor)#
Sucessão (antecessor)#
Síntese (sintetizado)#
Sucessão (antecessor)#
Síntese (sintetizado)#
Sucessão (antecessor)#
Sucessão (antecessor)#
Suplementar#
Sucessão (sucessor)#";Reduzida;S;10;;"#Critério legal:
Prazo prescricional da responsabilidade financeira reintegratória ([Lei 98/97], artº 70, nº 1);
#Critério de utilidade administrativa:
Prazo decorrente da necessidade de consulta deste PN para apuramento de responsabilidade em sede do PN 500.10.001 (no que diz respeito à atuação da Administração).

";Data de conclusão do procedimento;Data de encerramento do processo.;E;"#Critério de densidade informacional:
Informação síntese recuperável no PN 150.20.404 - Prestação de contas.";;;

;350.10.501;Liquidação de contribuições para o sistema de proteção da saúde;"Apuramento dos montantes devidos pelos trabalhadores e pelas entidades para a proteção da saúde.
Inicia com o cálculo e termina com a comunicação do montante às entidades competentes.
Inclui registo.";"Liquidação de contribuições para os subsistemas de proteção social no âmbito dos cuidados de saúde, concretamente da Direção-Geral de Proteção Social aos Trabalhadores em Funções Públicas (ADSE), da Assistência na Doença aos Militares (ADM) e da Divisão de Assistência na Doença (SAD)#
No âmbito da Administração Local, receção pelos municípios da comunicação dos montantes dos serviços municipalizados e das empresas locais para o Sistema Nacional de Saúde#";;;"Lei 83-A/2013#
DL 29-A/2011#
DL 26/2002#
DL 118/83#
Lei 30/2014#";"DL 29-A/2011, art 67, 3)#
DL 118/83 (com a redação dada pela Lei 30/2014)#";PC;S;ESPS#;AP#;Iniciar#;"150.20.404#
350.10.509#
500.10.001#";"Prestação de contas#
Processamento de remunerações#
Realização de auditorias#";"Síntese (sintetizado)#
Síntese (sintetizado)#
Suplementar#";Elevada;S;"10

";;"#Critério legal:
Prazo prescricional da responsabilidade financeira reintegratória ([Lei 98/97], artº 70, nº 1);
#Critério de utilidade administrativa:
Prazo decorrente da necessidade de consulta deste PN para apuramento de responsabilidade em sede do PN 500.10.001 (no que diz respeito à atuação da Administração).

";Data de conclusão do procedimento;Data de encerramento do processo.;E;"#Critério de densidade informacional:
Informação sintetizada no PN 150.20.404 - Prestação de contas.";;;

;350.10.502;Liquidação de contribuições para a segurança social e aposentação;"Apuramento dos montantes devidos pelos trabalhadores e pelas entidades para o Sistema de Segurança Social.
Inicia com o cálculo da retenção e termina com a comunicação do montante às entidades competentes.
Inclui o registo.";"Apuramento de montantes para a Segurança Social#
Apuramento dos montantes para a Caixa Geral de Aposentações#";;;"Lei 83-A/2013#
DL 26/2002#";;PC;S;IGFSS#;AP#;Iniciar#;"150.20.404#
350.10.509#
500.10.001#
650.10.001#
650.10.002#
650.10.003#
650.10.004#
650.10.005#
650.10.006#
650.10.007#
650.10.008#
650.10.009#
650.10.010#
650.10.011#
650.10.012#
650.10.013#
650.10.108#
";"Prestação de contas#
Processamento de remunerações#
Realização de auditorias#
Concessão de pensões de invalidez#
Concessão de pensões de sobrevivência#
Concessão de pensões de velhice#
Concessão de prestações por parentalidade#
Concessão de prestações compensatórias de subsídio de férias e de natal por motivo de doença e de parentalidade#
Concessão de subsídios por adoção#
Concessão de subsídios para assistência a filho ou a neto#
Concessão de subsídios para assistência a filho com deficiência ou doença crónica#
Concessão de subsídios de desemprego#
Concessão de subsídios de doença#
Concessão de subsídios por interrupção de gravidez#
Concessão de subsídios por risco clínico durante a gravidez#
Concessão de subsídios por riscos específicos#
Concessão de pensões de preço de sangue#";"Síntese (sintetizado)#
Síntese (sintetizado)#
Suplementar#
Cruzada#
Cruzada#
Cruzada#
Cruzada#
Cruzada#
Cruzada#
Cruzada#
Cruzada#
Cruzada#
Cruzada#
Cruzada#
Cruzada#
Cruzada#
Cruzada#";Elevada;S;"10

";;"#Critério legal:
Prazo prescricional da responsabilidade financeira reintegratória ([Lei 98/97], artº 70, nº 1);
#Critério de utilidade administrativa:
Prazo decorrente da necessidade de consulta deste PN para apuramento de responsabilidade em sede do PN 500.10.001 (no que diz respeito à atuação da Administração).

";Data de conclusão do procedimento;Data de encerramento do processo.;E;"#Critério de densidade informacional:
Informação sintetizada no PN 150.20.404 - Prestação de contas.";;;

;350.10.503;Liquidação de despesas decorrentes de acidentes de trabalho e doenças profissionais;"Processamento da despesa relativa a acidentes de trabalho e doenças profissionais.
Inicia com a receção do pedido de pagamento das despesas e termina com a decisão sobre o mesmo.
Inclui a a análise e qualificação do acidente de trabalho ou da doença profissional, verificação dos documentos comprovativos, nomeadamente do boletim de acompanhamento médico, da declaração de formalidades, da relação de despesas e respetivos documentos de despesa.";Liquidação de despesas por assistência a terceira pessoa, decorrentes de acidentes de trabalho e doenças profissionais#;;A participação do acidente de trabalho ou de doença profissional deve ser considerada em 250.20.401 – Participação de acidentes de trabalho ou de doenças profissionais#;"Lei 35/2014#
Lei 98/2009#
DL 503/99#

";"DL 503/99, art 24#

";PC;S;"SGMF#
EAARPNC#";AP#;Iniciar#;"150.20.404#
250.20.001#
250.20.401#
450.30.500#
700#
";"Prestação de contas#
Registo biográfico de trabalhadores#
Participação de acidentes de trabalho ou de doenças profissionais#
Certificação de doença, aptidão ou incapacidade#
Prestação de cuidados de saúde#
";"Síntese (sintetizado)#
Cruzada#
Sucessão (sucessor)#
Sucessão (antecessor)#
Sucessão (antecessor)#

";Média;S;40;;"#Critério legal:
[DL 503/99], artº 24 (Após 10 anos da data da alta o processo não pode ser reaberto por recidiva, agravamento ou recaída) e artº 29 - 2º (O processo pode ser reaberto enquanto doença profissional de caráter evolutivo, resultante do acidente de trabalho);
Por o [DL 503/99] não indicar um prazo para a reabertura do processo, tomou-se em consideração por analogia o [DL 84/97] (transposição da [Diretiva (CE) 54/2000]), artº 19, nº 4 (prazo de conservação dos registos nos casos de exposição a agentes biológicos);
#Critério de utilidade administrativa:
Tempo para a reabertura do processo.";Data de conclusão do procedimento;Data de encerramento do processo.;E;"#Critério de densidade informacional:
Informação sintetizada no PN 150.20.404 - Prestação de contas.";;;

;"350.10.504

";Processamento de benefícios e incentivos fiscais e aduaneiros não contratuais;"Concessão de benefícios e incentivos fiscais e aduaneiros não contratuais, dependentes de reconhecimento.
Inicia com o pedido de benefício ou incentivo fiscal e aduaneiro e termina com a notificação da decisão final.
Inclui todos os procedimentos para a análise e cálculo dos benefícios e incentivos.
";"Processos de isenção, de redução de taxa e de suspensão do benefício ou incentivo fiscal#
Benefícios fiscais associados à Lei de Liberdade Religiosa#
Benefícios fiscais previstos na fiscalidade verde#";;O processamento de benefícios e incentivos fiscais e aduaneiros contratuais deve ser considerado em 850.30.002 – Processamento de benefícios e incentivos contratuais ao investimento#;"DL 162/2014#
Lei 82-D/2014#
DL 215/1989#";;PE;N;AT#;;;"150.20.404#
350.10.100#
350.10.101#
350.10.200#
350.10.201#
350.10.202#
350.10.203#
350.10.204#
350.10.205#
350.10.206#
350.10.300#
350.10.301#
500.10.001#";"Prestação de contas#
Liquidação de Imposto Sobre o Rendimento de Pessoas Singulares (IRS)#
Liquidação de Imposto Sobre o Rendimento de Pessoas Coletivas (IRC)#
Liquidação de Imposto Municipal Sobre Imóveis (IMI)#
Liquidação de Imposto Municipal Sobre Transmissões Onerosas de Imóveis (IMT)#
Liquidação de Contribuição Especial#
Liquidação de Imposto Único de Circulação (IUC)#
Liquidação de Imposto Sobre Veículos (ISV)#
Liquidação de Imposto de Selo (IS)#
Liquidação de Imposto de Selo Sobre Transmissões Gratuitas de Bens#
Liquidação de Imposto Sobre o Valor Acrescentado (IVA)#
Liquidação dos Impostos Especiais Sobre o Consumo#
Realização de auditorias#";"Síntese (sintetizado)#
Sucessão (sucessor)#
Sucessão (sucessor)#
Sucessão (sucessor)#
Sucessão (sucessor)#
Sucessão (sucessor)#
Sucessão (sucessor)#
Sucessão (sucessor)#
Sucessão (sucessor)#
Sucessão (sucessor)#
Sucessão (sucessor)#
Sucessão (sucessor)#
Suplementar#
";Média;S;"10







";;"#Critério legal:
[DL 433/99], CPPT, artº 27, nº 2 ""Os arquivos [procedimentos administrativos e processos judiciais tributários instaurados] são obrigatoriamente mantidos durante 10 anos (...)"".";Data de conclusão do procedimento;Data de encerramento do processo.;E;"#Critério de densidade informacional:
Informação síntese recuperável no PN 150.20.404 - Prestação de contas.";;;

;350.10.505;Processamento de cauções;"Prestação ou recebimento de garantia, entre administrações públicas ou entre a administração pública e privados.
Inicia com a apresentação do direito ou dever garantido e termina com a sua liberação.
Inclui o registo do direito ou dever garantido, pode incluir o acionamento da caução.";"Precaução de eventual falta de cumprimento de alguma obrigação#
Pedido de liberação de caução#
Garantias prestadas pelos operadores económicos quando as suas mercadorias são suscetíveis de dívida aduaneira#
";;;"DL 190/2012#
DL 18/2008#";;PC;N;AP#;;;"150.20.404#
300.10.001#
300.10.005#
350.10.600#
350.30.004#
500.10.001#

";"Prestação de contas#
Contratação de empreitadas de obras públicas#
Transação e transmissão de bens móveis não culturais e contratação de serviços#
Lançamento de receitas e de despesas#
Movimentação de contas bancárias#
Realização de auditorias#";"Síntese (sintetizado)#
Sucessão (sucessor)#
Sucessão (sucessor)#
Síntese (sintetizado)#
Sucessão (antecessor)#
Suplementar#

";Reduzida;S;"10

";;"#Critério legal:
Prazo prescricional da responsabilidade financeira reintegratória ([Lei 98/97], artº 70, nº 1);
#Critério de utilidade administrativa:
Prazo decorrente da necessidade de consulta deste PN para apuramento de responsabilidade em sede do PN 500.10.001 (no que diz respeito à atuação da Administração).

";Data de conclusão do procedimento;Data de encerramento do processo.;E;"#Critério de densidade informacional:
Informação síntese recuperável no PN 150.20.404 - Prestação de contas.";;;

;350.10.506;Comparticipação em despesas de saúde ao beneficiário;"Apuramento de montantes de reembolso a beneficiários de um sistema de saúde despendidos com encargos relativos a cuidados de saúde comparticipado em regime livre.
Inicia com a apresentação de documentos de despesa por parte do trabalhador e termina com o crédito em conta calculado nos termos da respetiva tabela.
Inclui a codificação e a validação das despesas.";Beneficiários de subsistemas de saúde, como a Direção-Geral de Proteção Social aos Trabalhadores em Funções Públicas (ADSE) e a Assistência na Doença aos Militares (ADM)#;;;"DL 118/83#
DL 234/2005#";DL 118/83 (atualizado pelo DL 234/2005)#;PC;S;ESPS#;AP#;Iniciar#;"150.20.404#
350.10.600#
350.30.001#
350.30.003#
350.30.004#
500.10.001#
700#";"Prestação de contas#
Lançamento de receitas e de despesas#
Cobrança de receitas e pagamento de despesas#
Controlo sistemático de numerário e valores#
Movimentação de contas bancárias#
Realização de auditorias#
Prestação de cuidados de saúde#
";"Síntese (sintetizado)#
Síntese (sintetizado)#
Sucessão (antecessor)#
Sucessão (antecessor)#
Sucessão (antecessor)#
Suplementar#
Sucessão (sucessor)#
";Reduzida;S;10;;"#Critério legal:
Prazo prescricional da responsabilidade financeira reintegratória ([Lei 98/97], artº 70, nº 1);
#Critério de utilidade administrativa:
Prazo decorrente da necessidade de consulta deste PN para apuramento de responsabilidade em sede do PN 500.10.001 (no que diz respeito à atuação da Administração).

";Data de conclusão do procedimento;Data de encerramento do processo.;E;"#Critério de densidade informacional:
Informação sintetizada no PN 150.20.404 - Prestação de contas.";;;

;350.10.507;Processamento de despesas de saúde a prestadores de serviços e farmácias;"Processamento de despesas de saúde com entidades prestadoras de cuidados de saúde e farmácias por força de acordos estabelecidos entre estas e os diversos subsistemas de saúde ou entidades públicas comparticipantes.
Inicia com a receção da comunicação da despesa (faturação) e termina com a comunicação dos montantes a pagar.
Inclui conferência e validação das despesas realizadas em prestadores convencionados e farmácias, e o apuramento dos montantes a reembolsar, assim como o apuramento dos montantes a pagar pelo subsistema de saúde às entidades prestadoras de cuidados de saúde e farmácias.";"Despesas com entidades prestadoras de cuidados de saúde como hospitais, clínicas, médicos e outros prestadores particulares que tenham acordo/convenção com a Direção-Geral de Proteção Social aos Trabalhadores em Funções Públicas (ADSE)#
Despesas na comparticipação em medicamentos em farmácias#";;A comparticipação em despesas de saúde aos beneficiários de subsistemas de saúde deve ser considerada em 350.10.506 – Comparticipação em despesas de saúde ao beneficiário#;"DL 118/83#
DL 234/2005#";DL 118/83 (atualizado pelo DL 234/2005)#;PE;N;"ESPS#
AL#";;;"150.20.404#
300.10.008#
350.10.600#
350.30.001#
350.30.003#
350.30.004#
500.10.001#
700#";"Prestação de contas#
Estabelecimento de convenções com operadores privados#
Lançamento de receitas e de despesas#
Cobrança de receitas e pagamento de despesas#
Controlo sistemático de numerário e valores#
Movimentação de contas bancárias#
Realização de auditorias#
Prestação de cuidados de saúde#";"Síntese (sintetizado)#
Sucessão (antecessor)#
Síntese (sintetizado)#
Sucessão (antecessor)#
Sucessão (antecessor)#
Sucessão (antecessor)#
Suplementar#
Sucessão (sucessor)#";Reduzida;S;10;;"#Critério legal:
Prazo prescricional da responsabilidade financeira reintegratória ([Lei 98/97], artº 70, nº 1);
#Critério de utilidade administrativa:
Prazo decorrente da necessidade de consulta deste PN para apuramento de responsabilidade em sede do PN 500.10.001 (no que diz respeito à atuação da Administração).";Data de conclusão do procedimento;Data de encerramento do processo.;E;"#Critério de densidade informacional:
Informação sintetizada no PN 150.20.404 - Prestação de contas.";;;

;350.10.508;Processamento de indemnizações e injunções;"Processamento de indemnizações e injunções por prejuízos causados no património público ou de particulares, resultantes de circunstâncias acidentais ou fortuitas, pelas quais o Estado é responsável ou ressarcido pelo dano sofrido, bem como de compensações devidas ao abrigo do regime jurídico de requalificação de trabalhadores em funções públicas.
Inicia com o pedido de pagamento feito pela entidade da Administração Pública ou pelo particular e termina com o apuramento do valor a indemnizar para reparação dos danos ou a pagar em compensação.
Inclui a análise do processo administrativo remetido pela entidade proponente, descrição do enquadramento factual, apuramento dos encargos e justificação orçamental.
";"Compensação de danos causados a terceiros e assumidos voluntariamente pelas entidades públicas#
Compensações devidas por aplicação do regime de gestão do pessoal em requalificação#
Compensação por prejuízos causados no património do Estado, provenientes de circunstâncias acidentais ou fortuitas#


";;;"Lei 35/2014#
DL 74/70#
";;PC;S;"SGMF#
EAARPNC#";AP#;Iniciar#;"150.20.404#
250.10.800#
250.20.401#
300.10.601#
350.10.509#
500.10.001#";"Prestação de contas#
Cessação da relação jurídica de emprego público#
Participação de acidentes de trabalho ou de doenças profissionais#
Requisição temporária de bens do domínio privado#
Processamento de remunerações#
Realização de auditorias#";"Síntese (sintetizado)#
Sucessão (antecessor)#
Sucessão (antecessor)#
Cruzada#
Síntese (sintetizado)#
Suplementar#";Reduzida;S;10;;"#Critério legal:
Prazo prescricional da responsabilidade financeira reintegratória ([Lei 98/97], artº 70, nº 1);
#Critério de utilidade administrativa:
Prazo decorrente da necessidade de consulta deste PN para apuramento de responsabilidade em sede do PN 500.10.001 (no que diz respeito à atuação da Administração).

";Data de conclusão do procedimento;"Data de encerramento do processo.
";E;"#Critério de densidade informacional:
Informação sintetizada no PN 150.20.404 - Prestação de contas.";;;

;350.10.509;Processamento de remunerações;"Processamento de remunerações por trabalhador, integrando a apresentação da informação relativa a abonos e descontos.
Inicia com a verificação da assiduidade e termina com a liquidação do montante a pagar.
Inclui o apuramento de horas extraordinárias, de subsídio de residência, de subsídio de refeição, de alterações na remuneração, de penhoras de vencimento, de abono de família a crianças e jovens, de abonos para falhas e descontos (para a Segurança Social (SS), Caixa Geral de Aposentações (CGA), Direção-Geral de Proteção Social aos Funcionários e Agentes da Administração Pública (ADSE), entidades seguradoras e outras), Fundo de Estabilização Tributária (FET), Fundo de Estabilização Aduaneiro (FEA), entre outros.";"Senhas de presença#
Bolsa dos auditores de justiça (aos auditores de justiça com algum tipo de vínculo com o Estado, encontram-se em comissão de serviço e é-lhes pago o correspondente ao vencimento de origem, sendo que aos restantes, é-lhes paga a dita bolsa de formação sendo obrigados a um regime de exclusividade)#";;O pagamento deve ser considerado em 350.30.001 – Cobrança de receitas e pagamento de despesas#;Lei 35/2014#;;PC;N;AP#;;;"150.20.404#
250.10.400#
250.10.401#
250.10.500#
250.10.600#
250.10.601#
250.20.200#
250.20.201#
250.20.400#
250.20.401#
250.20.402#
250.20.403#
250.20.404#
250.20.600#
250.20.601#
250.20.604#
250.20.605#
250.20.800#
250.20.803#
350.10.501#
350.10.502#
350.10.508#
350.10.600#";"Prestação de contas#
Nomeação para cargos de direção, coordenação e controlo#
Nomeação para postos de trabalho#
Designação para cargos ou funções de confiança ou de interesse público#
Contratação de trabalhadores#
Formalização de estágios profissionais#
Processamento de pedidos de horário de trabalho especial#
Processamento de pedidos de trabalho extraordinário#
Controlo de assiduidade e pontualidade#
Participação de acidentes de trabalho ou de doenças profissionais#
Processamento de férias#
Processamento de licenças de ausência ao serviço#
Processamento de pedidos de estatuto de bolseiro#
Afetação transitória a postos de trabalho (mobilidade geral)#
Alteração de posicionamento remuneratório#
Processamento de pedidos de reclassificação profissional#
Acompanhamento dos trabalhadores em situação de requalificação#
Avaliação individual do desempenho#
Atribuição de prémios de desempenho, louvores ou medalhas#
Liquidação de contribuições para o sistema de proteção da saúde#
Liquidação de contribuições para a segurança social e aposentação#
Processamento de indemnizações e injunções#
Lançamento de receitas e de despesas#";"Síntese (sintetizado)#
Sucessão (sucessor)#
Sucessão (sucessor)#
Sucessão (sucessor)#
Sucessão (sucessor)#
Sucessão (sucessor)#
Sucessão (sucessor)#
Sucessão (sucessor)#
Sucessão (sucessor)#
Cruzada#
Sucessão (sucessor)#
Sucessão (sucessor)#
Sucessão (sucessor)#
Sucessão (sucessor)#
Sucessão (sucessor)#
Sucessão (sucessor)#
Síntese (sintetizado)#
Síntese (sintetizado)#
Síntese (sintetizado)#
Síntese (sintetizado)#
Síntese (sintetizado)#
Síntese (sintetizado)#
Síntese (sintetizado)#";Elevada;S;55;;"#Critério legal:
A alínea a) do nº 7 do artº 261 da [Lei 35/2014] - Lei Geral do Trabalho em Funções Públicas - relativo à remuneração do trabalhador em situação de compensação: «7 — Durante o processo de requalificação, caso esteja a, pelo menos, cinco anos da idade legal da reforma, o trabalhador pode ainda requerer a qualquer momento a cessação do vínculo, por mútuo acordo, nos termos da presente lei, sem prejuízo do seguinte:
a base mensal por cada ano completo de antiguidade, comum máximo correspondente a 30 anos completos de antiguidade»;
#Critério de utilidade administrativa:
Definição de um prazo de vida ativa do trabalhador de 55 anos para processamento de PN decorrentes dos direitos e deveres adquiridos.";Data de conclusão do procedimento;"Data de encerramento do processo.
";E;"#Critério de densidade informacional:
Informação sintetizada no PN 150.20.404 - Prestação de contas.";;;

;350.10.510;Processamento de ajudas de custo e despesas de deslocações;"Processamento dos abonos de transportes, ajudas de custo, deslocações e estadas.
Inicia com o pedido de autorização e termina com a liquidação do montante a pagar.
Inclui o cálculo e o processamento das ajudas de custo e despesas de deslocação e elementos comprovativos.
";Despesas efetuadas por serviço externo e formação#;;O pagamento deve ser considerado em 350.30.001 – Cobrança de receitas e pagamento de despesas#;"DL 106/98#
DL 137/2010#";;PC;N;AP#;;;"150.20.404#
350.10.600#";"Prestação de contas#
Lançamento de receitas e de despesas#";"Síntese (sintetizado)#
Síntese (sintetizado)#";Média;S;10;;"#Critério legal:
Prazo prescricional da responsabilidade financeira reintegratória ([Lei 98/97], artº 70, nº 1);
#Critério de utilidade administrativa:
Prazo decorrente da necessidade de consulta deste PN para apuramento de responsabilidade em sede do PN 500.10.001 (no que diz respeito à atuação da Administração).

";Data de conclusão do procedimento;"Data de encerramento do processo.
";E;"#Critério de densidade informacional:
Informação sintetizada no PN 150.20.404 - Prestação de contas.";;;

;350.10.511;Restituição, reposição e reembolso de valores;"Apuramento de montantes a devolver, recebidos indevidamente ou a mais, efetivada por compensação, dedução em folha ou pagamento através da apresentação de guia, bem como o ressarcimento de valores por despesa com direito a restituição.
Inicia com o pedido de reposição ou reembolso ou com a iniciativa da entidade pública (traduzida na ordem de transferência ou na emissão do cheque) e termina com o averbamento do montante a restituir.
Inclui definição do modo de reposição, apresentação das guias de reposição abatidas (liquidadas no ano económico a que respeitam) e não abatidas (relativas a anos económicos anteriores), que se referem a reposições nos pagamentos relativos a fornecedores, trabalhadores e ex-trabalhadores, a apresentação de documentos da faturação referente à venda de bens ou serviços e o apuramento de valores, a comunicação ao serviço processador da restituição ou reembolso, a reativação de cheques.";"Devolução de valores de despesa de deslocações em serviço ou telefone, no caso de dirigentes#
Restituições e reembolsos de impostos, taxas, direitos aduaneiros e demais tributos#
Restituição e entrega de fundos de operações de tesouraria a estâncias aduaneiras#
Procedimento de reativação de cheques emitidos para restituição ou reembolso de montantes indevidos#
Restituição e reembolso de recursos próprios comunitários#";;"A comparticipação nos encargos com cuidados de saúde por adiantamento do beneficiário deve ser considerada em 350.10.506 – Comparticipação em despesas de saúde ao beneficiário#
Os reembolsos de valores que são calculados no processo de liquidação de impostos (ex: IRS, IRC, IVA,...), devem ser considerados nos respetivos processos de liquidação (350.10.100 – Liquidação de Imposto Sobre o Rendimento de Pessoas Singulares (IRS), 350.10.101 – Liquidação de Imposto Sobre o Rendimento de Pessoas Coletivas (IRC) e 350.10.300 – Liquidação de Imposto Sobre o Valor Acrescentado (IVA))#";DL 155/92#;;PC;N;AP#;;;"150.20.404#
350.10.513#
350.10.600#
350.30.001#
500.10.001#";"Prestação de contas#
Anulação de valores#
Lançamento de receitas e de despesas#
Cobrança de receitas e pagamento de despesas#
Realização de auditorias#";"Síntese (sintetizado)#
Sucessão (antecessor)#
Síntese (sintetizado)#
Sucessão (antecessor)#
Suplementar#";Reduzida;S;10;;"#Critério legal:
Prazo prescricional da responsabilidade financeira reintegratória ([Lei 98/97], artº 70, nº 1);
#Critério de utilidade administrativa:
Prazo decorrente da necessidade de consulta deste PN para apuramento de responsabilidade em sede do PN 500.10.001 (no que diz respeito à atuação da Administração).

";Data de conclusão do procedimento;Data de encerramento do processo.;E;"#Critério de densidade informacional:
Informação sintetizada no PN 150.20.404 - Prestação de contas.";;;

;350.10.513;Anulação de valores;"Processamento de anulações de valores, nomeadamente de impostos, taxas, direitos aduaneiros e demais tributos.
Inicia com o pedido de anulação apresentado pelo interessado ou com a iniciativa do serviço da administração pública e termina com a efetiva  anulação do montante total ou parcial objeto de liquidação.
Inclui todo o procedimento para a análise e cálculo das anulações.";;;;;;PC;S;AT#;AP#;Iniciar#;"150.20.404#
350.10.511#";"Prestação de contas#
Restituição, reposição e reembolso de valores#";"Síntese (sintetizado)#
Sucessão (sucessor)#";Reduzida;N;10;;"#Critério legal:
Prazo prescricional da responsabilidade financeira reintegratória ([Lei 98/97], artº 70, nº 1);
#Critério de utilidade administrativa:
Prazo decorrente da necessidade de consulta deste PN para apuramento de responsabilidade em sede do PN 500.10.001 (no que diz respeito à atuação da Administração).";Data de conclusão do procedimento;Data de encerramento do processo.;E;"#Critério de densidade informacional:
Informação sintetizada no PN 150.20.404 - Prestação de contas.";;;

;350.10.514;Liquidação de despesas decorrentes de acidentes escolares;"Processamento da despesa relativa a acidentes escolares.
Inicia com a análise e qualificação do acidente escolar e termina com a autorização das despesas.
Inclui a apresentação do boletim de acompanhamento médico, a declaração de formalidades, a relação de despesas e respetivos documentos de despesa.";;;;Portaria 413/99#;;PE;S;DGEstE#;EstE#;Iniciar#;"150.20.404#
300.10.005#
350.30.001#
700.20.300#
";"Prestação de contas#
Transação e transmissão de bens móveis não culturais e contratação de serviços#
Cobrança de receitas e pagamento de despesas#
Prestação de cuidados de emergência médica#";"Síntese (sintetizado)#
Sucessão (Antecede)#
Sucessão (Antecede)#
Sucessão (sucede)#";Média;S;10;;"#Critério legal:
Prazo prescricional da responsabilidade financeira reintegratória ([Lei 98/97], artº 70, nº 1);
#Critério de utilidade administrativa:
Prazo decorrente da necessidade de consulta deste PN para apuramento de responsabilidade em sede do PN 500.10.001 (no que diz respeito à atuação da Administração).";Data de conclusão do procedimento;Data de encerramento do processo.;E;"#Critério de densidade informacional:
Informação sintetizada no PN 150.20.404 - Prestação de contas.";;;

;"350.10.515



";Revisão de atos tributários;"Processamento da revisão de atos tributários pela entidade que os praticou.
Inicia com pedido do sujeito passivo, com fundamento em qualquer ilegalidade, ou com a iniciativa da administração tributária, com fundamento em erro imputável aos serviços, e termina com a notificação do resultado da revisão efetuada.
Inclui o exercício do direito de audição quando o pedido é objeto de indeferimento total ou parcial.";"Revisão da liquidação dos diversos tributos#
Revisão por erro na autoliquidação#";;A revisão do lucro tributável determinado por métodos indiretos deve ser considerada em 350.10.102 – Revisão do lucro tributável determinado por métodos indiretos#;DL 398/98#;DL 398/98, art 78#;PE;S;AT#;"SPE#
";Iniciar#;"150.20.404#
350.10.100#
350.10.101#
350.10.200#
350.10.201#
350.10.202#
350.10.203#
350.10.204#
350.10.205#
350.10.206#
350.10.300#
350.10.301#
500.10.001#";"Prestação de contas#
Liquidação de Imposto Sobre o Rendimento de Pessoas Singulares (IRS)#
Liquidação de Imposto Sobre o Rendimento de Pessoas Coletivas (IRC)#
Liquidação de Imposto Municipal Sobre Imóveis (IMI)#
Liquidação de Imposto Municipal Sobre Transmissões Onerosas de Imóveis (IMT)#
Liquidação de Contribuição Especial#
Liquidação de Imposto Único de Circulação (IUC)#
Liquidação de Imposto Sobre Veículos (ISV)#
Liquidação de Imposto de Selo (IS)#
Liquidação de Imposto de Selo Sobre Transmissões Gratuitas de Bens#
Liquidação de Imposto Sobre o Valor Acrescentado (IVA)#
Liquidação dos Impostos Especiais Sobre o Consumo#
Realização de auditorias#";"Síntese (sintetizado)#
Sucessão (sucessor)#
Sucessão (sucessor)#
Sucessão (sucessor)#
Sucessão (sucessor)#
Sucessão (sucessor)#
Sucessão (sucessor)#
Sucessão (sucessor)#
Sucessão (sucessor)#
Sucessão (sucessor)#
Sucessão (sucessor)#
Sucessão (sucessor)#
Suplementar#
";Média;S;"10







";;"#Critério legal:
[DL 433/99], CPPT, artº 27, nº 2 ""Os arquivos [procedimentos administrativos e processos judiciais tributários instaurados] são obrigatoriamente mantidos durante 10 anos (...)"".";Data de conclusão do procedimento;Data de encerramento do processo.;E;"#Critério de densidade informacional:
Informação sintetizada no PN 150.20.404 - Prestação de contas.";;;

;"350.10.516



";Apuramento dos recursos próprios tradicionais da União Europeia;"Processamento de informação com a determinação dos montantes de recursos próprios tradicionais (RPT) cobrados pelo Estado Português e que são receita da União Europeia, a colocar mensalmente à disposição da Comissão Europeia.
Inicia com a elaboração dos mapas de apuramento mensais pelas Alfândegas e termina com o envio dos mapas de apuramento nacionais.
Inclui a análise dos mapas elaborados pelas Alfândegas e a elaboração de mapas agregados referentes à contabilidade prevista em legislação comunitária para envio à DGO, bem como o acompanhamento/controlo do processo.";;;;Regulamento (CE, Euratom) 1150/2000#;Regulamento 1150/2000, art 17, nº 2 (CE, Euratom)#;PE;S;AT#;"IGCP#
DGO#";"Comunicar#
Comunicar#
";"150.20.404#
350.10.400#
350.10.517#
350.10.600#
350.30.001#";"Prestação de contas#
Liquidação dos direitos e demais imposições aduaneiras#
Dispensa de colocação à disposição da União Europeia de recursos próprios tradicionais#
Lançamento de receitas e de despesas#
Cobrança de receitas e pagamento de despesas#";"Síntese (sintetizado)#
Sucessão (antecessor)#
Sucessão (antecessor)#
Síntese (sintetizado)#
Sucessão (antecessor)#";Média;S;"10







";;"#Critério legal:
[DL 433/99], CPPT, artº 27, nº 2 ""Os arquivos [procedimentos administrativos e processos judiciais tributários instaurados] são obrigatoriamente mantidos durante 10 anos (...)"".";Data de conclusão do procedimento;Data de encerramento do processo.;E;"#Critério de densidade informacional:
Informação síntese recuperável no PN 150.20.404 - Prestação de contas.";;;

;350.10.517;Dispensa de colocação à disposição da União Europeia de recursos próprios tradicionais;"Processamento de informação com a determinação dos montantes de recursos próprios tradicionais que não foi possível cobrar e pedido de dispensa da sua colocação à União Europeia, acompanhada da respetiva justificação.
Inicia com a comunicação da Alfândega, tendo por base a contabilidade aduaneira, do montante considerado ou declarado incobrável e termina com a comunicação da decisão da Comissão Europeia.
Inclui instrução, análise e acompanhamento de processos relativos a pedidos de dispensa de colocação à disposição de recursos próprios tradicionais apresentados por Portugal.
";;;A eventual recusa do pedido pela Comissão Europeia deve ser considerado em 600.30.650 – Ação em matéria comunitária#;Regulamento (CE, Euratom) 1150/2000#;Regulamento 1150/2000, art 17, nº 2 (CE, Euratom)#;PE;N;AT#;;;"150.20.404#
350.10.400#
350.10.516#
350.10.600#
350.30.001#";"Prestação de contas#
Liquidação dos direitos e demais imposições aduaneiras#
Apuramento dos recursos próprios tradicionais da União Europeia#
Lançamento de receitas e de despesas#
Cobrança de receitas e pagamento de despesas#";"Síntese (sintetizado)#
Sucessão (sucessor)#
Sucessão (sucessor)#
Síntese (sintetizado)#
Sucessão (antecessor)#";Média;S;10;;"#Critério legal:
[Regulamento (CE, Euratom) 1150/2000], artº 3;
[DL 433/99], CPPT, art 27º, nº 2 ""Os arquivos [procedimentos administrativos e processos judiciais tributários instaurados] são obrigatoriamente mantidos durante 10 anos(...)"".";Data de conclusão do procedimento;Data de encerramento do processo.;E;"#Critério de densidade informacional:
Informação síntese recuperável no PN 150.20.404 - Prestação de contas.";;;

Harmonização;350.10.518;Liquidação de taxas;;"Cálculo da taxa de recursos hídricos#
Cálculo da taxa aeroportuária#
Cálculo da taxa portuária#";;;"DL 226-A/2008#
Lei 58/2005#";;PE;;"APA#
ANA#
Marinha#
AL#";;;;;;;;;;;;;;;;;

;350.10.600;Lançamento de receitas e de despesas;"Registo da receita proveniente da prestação de serviços e da venda de produtos e de bens de investimento, incluindo a sua isenção, redução e fracionamento, bem como da receita proveniente de indemnizações.
Compreende também o registo da despesa proveniente da aquisição de bens e serviços, remunerações, bem como da despesa de investimento.
Inicia com a informação ou o apuramento do montante a receber (receita) ou com cabimentação (despesa) e termina com o lançamento da receita ou da despesa.
Inclui classificação da receita ou da despesa, autorização de despesa e de alteração ao seu limite (se aplicável), compromisso (para a despesa), inclusão em suporte normalizados dos encargos legalmente constituídos e informação do recebimento ou da receção do bem ou serviço por parte da entidade requisitante.



";Registo de verbas#;"Antecipação de duodécimos#
Despesas referentes à constituição, reconstituição e reposição do fundo de maneio#
Despesas de aquisição (despesa corrente, proveniente da aquisição de bens e serviços, bem como a despesa de investimento)#
Despesas com ajudas de custos#
Despesas com apoios financeiros, subsídios, donativos, comparticipações e outros instrumentos de incentivo financeiro ou de proteção/inclusão social, remunerações, indemnizações#
Despesas com remunerações, assim como descontos devidos a cada trabalhador ou eleito#
Lançamento de receitas tributárias (impostos, contribuições, taxas, coimas) ou outras (por exemplo juros)#
Receita corrente proveniente da prestação de serviços e da venda#
Reposições (as abatidas e as não abatidas no pagamento)#
Restituições, reembolsos, anulações e encontro de contas#
Transferência de verbas#";"A cobrança da receita e o pagamento de despesa, enquanto fluxos financeiros, devem ser consideradas em 350.30.001 – Cobrança de receitas e pagamento de despesas#
Os cálculos podem ser considerados em dois tipos de processos#
Apuramentos que ocorram como parte de um processo de negócio de outra classe (ex.: no âmbito de uma contraordenação, ou de um licenciamento)#
Processo específico de liquidação considerado em 350.10 (ex.: apuramento de impostos, processamento de remunerações)#
O cálculo da indemnização terá lugar no âmbito do respetivo processo#
O cálculo, redução ou isenção de taxa devem ser considerados no âmbito do respetivo processo#
O auto de receção do bem ou serviço deve ser considerado em 300.10, no respetivo processo de aquisição#";"DL 32/2012#
DL 54-A/99#
DL 47344/66#";DL 47344/66 - Código Civil#;PC;N;AP#;;;"150.20.400#
150.20.404#
300.10.002#
300.10.004#
300.10.005#
300.10.006#
300.10.007#
300.20.001#
350.10.001#
350.10.500#
350.10.509#
350.10.510#
350.10.511#
350.10.700#
350.30.002#
500.10.001#";"Acompanhamento da execução orçamental#
Prestação de contas#
Contratação de fornecimento de serviços públicos essenciais#
Transação e transmissão de bens móveis culturais#
Transação e transmissão de bens móveis não culturais e contratação de serviços#
Transação e transmissão de direitos de propriedade intelectual#
Transação e transmissão de participações sociais#
Alteração orçamental#
Constituição e acompanhamento de parcerias público-privadas#
Apuramento da transferência de verbas entre entidades#
Processamento de remunerações#
Processamento de ajudas de custo e despesas de deslocações#
Restituição, reposição e reembolso de valores#
Libertação de créditos#
Constituição e liquidação de fundo de maneio#
Realização de auditorias#";"Sucessão (antecessor)#
Síntese (sintetizado)#
Síntese (sintetiza)#
Cruzada#
Cruzada#
Cruzada#
Cruzada#
Cruzada#
Cruzada#
Síntese (sintetiza)#
Síntese (sintetiza)#
Síntese (sintetiza)#
Síntese (sintetiza)#
Síntese (sintetiza)#
Síntese (sintetiza)#
Suplementar#";Média;S;10;;"#Critério legal:
Prazo prescricional da responsabilidade financeira reintegratória ([Lei 98/97], artº 70, nº 1);
#Critério de utilidade administrativa:
Prazo decorrente da necessidade de consulta deste PN para apuramento de responsabilidade em sede do PN 500.10.001 (no que diz respeito à atuação da Administração).

";Data de conclusão do procedimento;Data de encerramento do processo.;E;"#Critério de densidade informacional:
Informação sintetizada no PN 150.20.404 - Prestação de contas.";;;

;350.10.700;Libertação de créditos;"Requisição mensal à entidade competente da transferência duodecimal de verbas do orçamento anual atribuído através do Orçamento do Estado para fazer face aos encargos assumidos mensalmente.
Inicia com o pedido e termina com a comunicação da decisão e libertação da verba pedida, em caso de aceitação do pedido.
Inclui o envio e análise dos documentos justificativos, com indicação rigorosa das formalidades realizadas e sua fundamentação legal, o processamento e autorização ou recusa de libertação de crédito.
";"Solicitações de crédito para fazer face aos encargos assumidos com pessoal#
";;;;"Decreto-Lei de Execução Orçamental#
Lei do Orçamento do Estado#";PC;S;AP#;AP#;Iniciar#;"150.20.404#
350.10.600#
500.10.001#
850.10.001#";"Prestação de contas#
Lançamento de receitas e de despesas#
Realização de auditorias#
Atribuição de subsídios à exploração de serviços públicos#";"Síntese (sintetizado)#
Síntese (sintetizado)#
Suplementar#
Sucessão (sucessor)#";Reduzida;S;10;;"#Critério legal:
Prazo prescricional da responsabilidade financeira reintegratória ([Lei 98/97], artº 70, nº 1);
#Critério de utilidade administrativa:
Prazo decorrente da necessidade de consulta deste PN para apuramento de responsabilidade em sede do PN 500.10.001 (no que diz respeito à atuação da Administração).

";Data de conclusão do procedimento;Data de encerramento do processo.;E;"#Critério de densidade informacional:
Informação sintetizada no PN 150.20.404 - Prestação de contas.";;;

;350.30;Gestão da tesouraria;"Compreende o processamento dos fluxos financeiros movimentados (entradas e saídas de tesouraria), no que se inclui pagamentos, cobranças, transferências, depósitos e fundos entrados.
Compreende ainda a rentabilização dos excedentes de tesouraria.";"Pagamento de apoios financeiros, subsídios, donativos, comparticipações e outros instrumentos de incentivo financeiro ou de proteção/inclusão social, remunerações, indemnizações#
Cobrança/recebimento de receitas tributárias (impostos, contribuições, taxas, coimas) ou outras (por exemplo juros)#
Fluxos financeiros relativos à transferência de verbas#
Reposições (as abatidas e as não abatidas no pagamento), as restituições, os reembolsos, as anulações, o encontro de contas#
Antecipação de duodécimos, os pedidos de alteração dos limites trimestrais de despesa, bem como balancetes e outros instrumentos de controlo#
Reconciliação bancária (conferência entre os movimentos das contas e os lançamentos efetuados pela Entidade, tendo por base os extratos bancários)#
Movimento de verbas dentro de cada entidade, nomeadamente levantamentos, depósitos e transferências entre contas#
Gestão do fundo de maneio (incluindo a respetiva constituição)#";;"A gestão da dívida pública e da liquidez deve ser considerada em ""Administração financeira/Gestão da dívida e dos créditos públicos"" (350.40);
Os documentos de despesa devem ser considerados no âmbito do processo que originou a despesa.";;;;;;;;;;;;;;;;;;;;;;

;350.30.001;Cobrança de receitas e pagamento de despesas;"Recebimento e pagamento de quaisquer montantes financeiros.
Inicia com a emissão de documento de receita ou receção de documento de despesa e termina com a arrecadação ou pagamento da verba.
Inclui autorização de pagamento, emissão de meios de pagamento, transferência de verbas entre entidades e confirmação da receção de verba.";Fluxos financeiros de tesouraria#;"Contas a receber e contas a pagar#
Entradas e saídas de caixa#
Movimentos relativos ao fundo de maneio#
Pagamentos e recebimentos#
Reembolsos e restituições#
Transferência de verbas#";"Os cálculos podem ser considerados em dois tipos de processos#
Apuramentos que ocorram como parte de um processo de negócio de outra classe (ex.: no âmbito de uma contraordenação, ou de um licenciamento)#
Processo específico de liquidação considerado em 350.10 (ex.: liquidação de impostos, apuramento de transferência de verbas, processamento de remunerações)#
O registo de receitas e despesas deve ser considerado em 350.10.600 – Lançamento de receitas e de despesas#";"DL 54-A/99#
Lei 91/2001#
DL 155/92#";;PC;S;AP#;AP#;Decidir#;150.20.404#;Prestação de contas#;"Síntese (sintetizado)#
";Elevada;S;10;;"#Critério legal:
Prazo prescricional da responsabilidade financeira reintegratória ([Lei 98/97], artº 70, nº 1);
#Critério de utilidade administrativa:
Prazo decorrente da necessidade de consulta deste PN para apuramento de responsabilidade em sede do PN 500.10.001 (no que diz respeito à atuação da Administração).

";Data de conclusão do procedimento;Data de encerramento do processo.;E;"#Critério de densidade informacional:
Informação sintetizada no PN 150.20.404 - Prestação de contas.";Relação Cruzada com todos os PN que implicam pagamento e recebimento#;;

;350.30.002;Constituição e liquidação de fundo de maneio;"Entrega do montante destinado a satisfazer pequenas despesas de caráter
corrente e inadiáveis dos serviços e organismos necessárias e urgentes à manutenção dos serviços, por conta das rubricas orçamentais aprovadas.
Inicia com a constituição do fundo e termina com a entrega no final do ano. 
Inclui a designação do seu responsável.
";"Pagamento de pequenas aquisições no quadro da satisfação de necessidades urgentes dos serviços#
Reconstituição do fundo de maneio#";;;"DL 36/2015#
DL 54-A/99#
DL 155/92#";DL 155/92, art 32#;PC;N;AP#;;;"150.20.404#
350.10.600#
350.30.001#
500.10.001#";"Prestação de contas#
Lançamento de receitas e de despesas#
Cobrança de receitas e pagamento de despesas#
Realização de auditorias#";"Síntese (sintetizado)#
Síntese (sintetizado)#
Sucessão (antecessor)#
Suplementar#";Reduzida;S;10;;"#Critério legal:
Prazo prescricional da responsabilidade financeira reintegratória ([Lei 98/97], artº 70, nº 1);
#Critério de utilidade administrativa:
Prazo decorrente da necessidade de consulta deste PN para apuramento de responsabilidade em sede do PN 500.10.001 (no que diz respeito à atuação da Administração).

";Data de conclusão do procedimento;Data de encerramento do processo.;E;"#Critério de densidade informacional:
Informação sintetizada no PN 150.20.404 - Prestação de contas.";;;

;350.30.003;Controlo sistemático de numerário e valores;"Verificação e demonstração dos montantes e documentos existentes em tesouraria.
Inicia com a conferência e termina com o registo.
Inclui o controlo de movimentos, apuramento de valores, quando aplicável, a produção de instrumentos de controlo diário, semanal, anual, de transição, ou outros e de termos de responsabilidade.
 
";"Apuramento de contas por transição#

";;"O controlo e monitorização da execução orçamental devem ser considerados em 150.20.400 – Acompanhamento da execução orçamental#
A demonstração da execução orçamental e patrimonial deve ser considerada em 150.20.404 – Prestação de contas#";"DL 54-A/99#
Lei 91/2001#
Lei 73/2013#
DL 155/92#";;PC;N;AP#;;;"150.20.404#
150.20.400#
350.10.506#
350.10.507#
350.30.001#
350.30.006#
500.10.001#";"Prestação de contas#
Acompanhamento da execução orçamental#
Comparticipação em despesas de saúde ao beneficiário#
Processamento de despesas de saúde a prestadores de serviços e farmácias#
Cobrança de receitas e pagamento de despesas#
Gestão da conta corrente de pessoa privada da liberdade e de pessoa institucionalizada#
Realização de auditorias#";"Síntese (sintetizado)#
Sucessão (antecessor)#
Sucessão (sucessor)#
Sucessão (sucessor)#
Sucessão (antecessor)#
Síntese (sintetizado)#
Suplementar#";Elevada;S;10;;"#Critério legal:
Prazo prescricional da responsabilidade financeira reintegratória ([Lei 98/97], artº 70, nº 1);
#Critério de utilidade administrativa:
Prazo decorrente da necessidade de consulta deste PN para apuramento de responsabilidade em sede do PN 500.10.001 (no que diz respeito à atuação da Administração).";Data de conclusão do procedimento;Data de encerramento do processo.;E;"#Critério de densidade informacional:
Informação sintetizada no PN 150.20.404 - Prestação de contas.";;;

;350.30.004;Movimentação de contas bancárias;"Fluxo de montantes financeiros em contas bancárias.
Inicia com uma ordem de levantamento, depósito ou transferência e termina com o recebimento, a entrega ou a transferência do valor.
Inclui o registo da operação.";Levantamentos, depósitos e transferências entre contas#;;;"Lei 36/2015#
Lei 91/2001#";;PC;N;AP#;;;"150.20.401#
150.20.404#
300.10.007#
350.10.500#
350.10.505#
350.10.506#
350.10.507#
350.30.005#
350.30.500#
500.10.001#
850.10.001#";"Acompanhamento de liquidação de entidades#
Prestação de contas#
Transação e transmissão de participações sociais#
Apuramento da transferência de verbas entre entidades#
Processamento de cauções#
Comparticipação em despesas de saúde ao beneficiário#
Processamento de despesas de saúde a prestadores de serviços e farmácias#
Reconciliação bancária#
Aplicação de excedentes de tesouraria#
Realização de auditorias#
Atribuição de subsídios à exploração de serviços públicos#";"Suplementar#
Síntese (sintetizado)#
Cruzada#
Sucessão (sucessor)#
Sucessão (sucessor)#
Sucessão (sucessor)#
Sucessão (sucessor)#
Sucessão (antecessor)#
Síntese (sintetizado)#
Suplementar#
Sucessão (sucessor)#";Reduzida;S;10;;"#Critério legal:
Prazo prescricional da responsabilidade financeira reintegratória ([Lei 98/97], artº 70, nº 1);
#Critério de utilidade administrativa:
Prazo decorrente da necessidade de consulta deste PN para apuramento de responsabilidade em sede do PN 500.10.001 (no que diz respeito à atuação da Administração).";Data de conclusão do procedimento;Data de encerramento do processo.;E;"#Critério de densidade informacional:
Informação sintetizada no PN 150.20.404 - Prestação de contas.";;;

;350.30.005;Reconciliação bancária;"Conferência entre os movimentos dos extratos bancários e os lançamentos efetuados pela entidade.
Inicia com a receção de informação dos movimentos bancários e termina com uma informação contendo os saldos dos registos bancários e da entidade e, quando for o caso, os valores não reconciliados.
Inclui a análise comparativa dos registos bancários e dos registos da entidade.";;;;"DL 54-A/99#
Lei 91/2001#
Lei 73/2013#
DL 155/92#";;PC;N;AP#;;;"150.20.404#
350.30.004#
350.30.006#
500.10.001#";"Prestação de contas#
Movimentação de contas bancárias#
Gestão da conta corrente de pessoa privada da liberdade e de pessoa institucionalizada#
Realização de auditorias#";"Síntese (sintetizado)#
Sucessão (sucessor)#
Síntese (sintetizado)#
Suplementar#";Elevada;S;10;;"#Critério legal:
Prazo prescricional da responsabilidade financeira reintegratória ([Lei 98/97], artº 70, nº 1);
#Critério de utilidade administrativa:
Prazo decorrente da necessidade de consulta deste PN para apuramento de responsabilidade em sede do PN 500.10.001 (no que diz respeito à atuação da Administração).

";Data de conclusão do procedimento;Data de encerramento do processo.;E;"#Critério de densidade informacional:
Informação sintetizada no PN 150.20.404 - Prestação de contas.";;;

;"350.30.006

";Gestão da conta corrente de pessoa privada da liberdade e de pessoa institucionalizada;"Processamento de entradas e saídas de dinheiro da conta do recluso no estabelecimento prisional, do jovem internado em centro educativo e de pessoa institucionalizada.
Inicia com a emissão de documento de receita ou pedido de realização de despesa e termina com a 
emissão de uma guia de receita ou de uma ordem de pagamento.
";"Conta corrente do recluso no que diz respeito aos procedimentos relacionados com as remunerações de trabalho, as entregas de valores pelas visitas ou pelo correio, bem como os procedimentos relacionados com as aquisições de bens e produtos efetuados pelos reclusos na cantina do estabelecimento prisional ou outras aquisições por ele solicitadas#
Pecúlio do jovem em centro educativo no que diz respeito aos procedimentos relacionados com o dinheiro de bolso, prémios, bolsas de formação, remunerações por trabalho, prestações sociais, donativos de famíliares ou de outras pessoas idóneas#
";;;"DL 51/2011#
Lei 115/2009#
DL 323-D/2000#
";"DL 51/2011, art 14, 15, 51 e 52#
Lei 115/2009, art 46#
DL 323-D/2000, art 66#
";PE;N;DGRSP#;;;"350.30.003#
350.30.005#";"Controlo sistemático de numerário e valores#
Reconciliação bancária#";"Síntese (sintetizado)#
Síntese (sintetizado)#";Elevada;S;3;;"#Critério legal:
[DL 51/2011], artº 39, 1 -""Consideram-se abandonados, decorrido um ano sobre a data da libertação, da ausência ilegítima ou da evasão do recluso, os objetos e valores por este deixados no estabelecimento prisional;
2 - Os objetos e valores abandonados pelo recluso são apreendidos, sendo efetuado inventário que acompanha a comunicação ao Tribunal de Execução das Penas para efeitos do disposto na alínea i) do nº 2 do artigo 138.º do Código"";
#Critério de utilidade administrativa:
Tempo necessário para o processamento do inventário de bens abandonados e também para apuramento de dados comprovativos ao processamento dos PN 350.30.003 e 350.30.005;
Prazo decorrente da necessidade de consulta deste PN para apuramento de responsabilidade em sede do PN 500.10.001 (no que diz respeito à atuação da Administração).";Data de conclusão do procedimento;Data de encerramento do processo.;E;"#Critério de densidade informacional:
Informação sintetizada no PN 600.40.002 - Execução de pena e medida privativa da liberdade em meio prisional.";;;

;350.30.500;Aplicação de excedentes de tesouraria;"Aplicação a montantes financeiros em excedente na tesouraria, a prazo, em fundos, aplicações bancárias ou outras.
Inicia com a decisão de aplicação financeira e termina com o reembolso do valor da aplicação e respetivo rendimento.
Inclui a análise das propostas de aplicação.";;;A transferência dos valores deve ser considerada em 350.30.004 – Movimentação de contas bancárias#;Lei 36/2015#;Lei 36/2015, art 45#;PC;N;AP#;;;"150.20.404#
350.30.004#
500.10.001#";"Prestação de contas#
Movimentação de contas bancárias#
Realização de auditorias#";"Síntese (sintetizado)#
Sucessão (antecessor)#
Suplementar#";Reduzida;S;10;;"#Critério legal:
Prazo prescricional da responsabilidade financeira reintegratória ([Lei 98/97], artº 70, nº 1);
#Critério de utilidade administrativa:
Prazo decorrente da necessidade de consulta deste PN para apuramento de responsabilidade em sede do PN 500.10.001 (no que diz respeito à atuação da Administração).

";Data de conclusão do procedimento;Data de encerramento do processo.;E;"#Critério de densidade informacional:
Informação sintetizada no PN 150.20.404 - Prestação de contas.";;;

;350.40;Gestão da dívida e dos créditos públicos;"Compreende a emissão de instrumentos de dívida para a obtenção de financiamento, bem como a amortização dessa dívida ou de outras operações, como a amortização antecipada, recompras, operações de reporte e operações com derivados financeiros.
Compreende também o controlo e a recuperação de dívida ao Estado e a regularização de responsabilidades financeiras do Estado.";"Pedidos de empréstimo de entidades públicas#
Emissão de dívida#
Determinação dos rendimentos dos títulos da dívida pública portuguesa (juros, prémios de amortização ou de reembolso e outras formas de remuneração)#
Assunção de passivos e responsabilidades financeiras de organismos públicos e de empresas públicas e participadas#
Assunção de passivos e ativos resultantes de processos de dissolução, liquidação e extinção de entidades#
Gestão e recuperação de créditos do Tesouro#
Recuperação da dívida ao Estado#";;"Os registos contabilísticos devem ser considerados em “Administração financeira/Execução orçamental” (350.10);
Os fluxos financeiros devem ser considerados em “Administração financeira/ Gestão da tesouraria” (350.30).";;;;;;;;;;;;;;;;;;;;;;

;350.40.001;Emissão e amortização da dívida pública em mercado primário;"Emissão e amortização de dívida pública com vista a assegurar as necessidades de financiamento da República, tendente ao equilíbrio das contas públicas.
Inicia com a proposta dos objetivos estratégicos para a gestão da Dívida Pública e da Liquidez e as iniciativas conducentes e termina com a liquidação das operações de financiamento.
Inclui os instrumentos de gestão da liquidez, da execução do Programa de Financiamento através da realização de leilões de colocação de Obrigações do Tesouro (OT) e Bilhetes do Tesouro (BT) e de operações de troca de dívida, aplicação dos excedentes de tesouraria, criação e gestão de instrumentos de Dívida Pública (excluindo Retalho), emissão de empréstimos sob a forma de colocação pública.

";"Emissão de Obrigações do Tesouro#
Emissão de Bilhetes do Tesouro#
Emissão de Certificados Especiais de Dívida Pública#
";;;"DL 40/2012#
DL 261/2012#
DL 91/2003#
DL 280/98#
DL 279/98#
Lei 7/98#


";;PE;N;IGCP#;;;"150.20.404#
350.10.600#
350.40.003#
500.10.001#";"Prestação de contas#
Lançamento de receitas e de despesas#
Estabilização e regularização da dívida pública#
Realização de auditorias#";"Síntese (sintetizado)#
Sucessão (antecessor)#
Cruzada#
Suplementar#

";Elevada;S;10;;"#Critério legal:
Prazo prescricional da responsabilidade financeira reintegratória ([Lei 98/97], artº 70, nº 1);
#Critério de utilidade administrativa:
Prazo decorrente da necessidade de consulta deste PN para apuramento de responsabilidade em sede do PN 500.10.001 (no que diz respeito à atuação da Administração).

";Data de conclusão do procedimento;Data de encerramento do processo.;C;"#Critério de densidade informacional:
Informação detalhada não recuperável noutros PN.";;;

;350.40.002;Emissão e amortização da dívida pública em retalho;"Emissão e resgates de dívida pública de retalho.
Inicia com a emissão de títulos de dívida de retalho e termina com a liquidação solicitada por um resgate.
Inclui a gestão e controlo dos processamentos no Aforro, as informações e esclarecimentos solicitados por clientes, análise e instrução de processos de habilitação de herdeiros.";"Emissão de Certificados de Aforro#
Emissão de Certificados do Tesouro#";;;"Portaria 17-B/2015#
RCM 62/2013#
Portaria 268-D/2012#
DL 261/2012#
DL 40/2012#
RCM 40/2010#
Portaria 230-A/2009#
Portaria 73-A/2008#
DL 47/2008#
DL 91/2003#
DL 122/2002#
Lei 7/98#
DL 280/98#
DL 279/98#
DL 172-B/86#
DL 43453/60#";;PE;N;IGCP#;;;"150.20.404#
350.10.600#
350.40.003#
500.10.001#";"Prestação de contas#
Lançamento de receitas e de despesas#
Estabilização e regularização da dívida pública#
Realização de auditorias#";"Síntese (sintetizado)#
Sucessão (antecessor)#
Cruzada#
Suplementar#

";Elevada;S;10;;"#Critério legal:
Prazo prescricional da responsabilidade financeira reintegratória ([Lei 98/97], artº 70, nº 1);
#Critério de utilidade administrativa:
Prazo decorrente da necessidade de consulta deste PN para apuramento de responsabilidade em sede do PN 500.10.001 (no que diz respeito à atuação da Administração).";Data de conclusão do procedimento;Data de encerramento do processo.;E;"#Critério de densidade informacional:
Informação sintetizada no PN 150.20.404 - Prestação de contas.";;;

;350.40.003;Estabilização e regularização da dívida pública;"Estabilização de oferta e procura de títulos de dívida pública no mercado secundário, através do Fundo de Regularização da Dívida Pública (FRDP), resultante de alienação de partes sociais que o Estado detém em quaisquer sociedades anónimas resultantes da transformação de empresas públicas em sociedades anónimas de maioria ou exclusivamente de capitais públicos.
Inicia com a aquisição de dívida e entrada de capitais oriundos das nacionalizações e termina com o abatimento da dívida.
";Regularização da procura e da oferta dos títulos da dívida pública no mercado secundário através do Fundo de Regularização da Dívida Pública (FRDP), bem como do Fundo da Renda Vitalícia#;;;"DL 158/96#
DL 2/95#
DL 236/93#
DL 324/90#
DL 453/88#
DL 43453/60#
RCM 8-A/2009#";Leis do Orçamento de Estado#;PE;N;IGCP#;;;"150.20.404#
350.10.600#
350.40.001#
350.40.002#
500.10.001#";"Prestação de contas#
Lançamento de receitas e de despesas#
Emissão e amortização da dívida pública em mercado primário#
Emissão e amortização da dívida pública em retalho#
Realização de auditorias#";"Síntese (sintetizado)#
Síntese (sintetizado)#
Cruzada#
Cruzada#
Suplementar#
";Elevada;S;10;;"#Critério legal:
Prazo prescricional da responsabilidade financeira reintegratória ([Lei 98/97], artº 70, nº 1);
#Critério de utilidade administrativa:
Prazo decorrente da necessidade de consulta deste PN para apuramento de responsabilidade em sede do PN 500.10.001 (no que diz respeito à atuação da Administração).

";Data de conclusão do procedimento;Data de encerramento do processo.;C;"#Critério de densidade informacional:
Informação detalhada não recuperável noutros PN.";;;

;350.40.200;Recuperação de créditos resultantes de empréstimos diretos do Estado e outras operações ativas;"Recuperação de créditos que resultam de empréstimos diretos do Estado e outras operações ativas.
Inicia com a comunicação do incumprimento contratual e termina com a regularização do crédito através do pagamento ou a confirmação da sua irrecuperabilidade.
Inclui contratos de reescalonamento de dívidas, planos de amortização, juros de mora, entre outros.
";Emréstimos concedidos a empresas e a países terceiros#;;;"Lei 26/2015#
Lei 98/97#
Lei 20/2015#
Lei 82-E/2014#
Lei 82/2014#
Lei 41/2013#
Lei 36/2015#
Lei 82-B/2014#
Lei 48/2006#
Declaração de Retificação 72/2006#
Declaração de Retificação 36/2013#
Lei 35/2007#";"Lei 98/97 retificada Lei 20/2015#
Lei 41/2013, retificada pela Declaração de Retificação 36/2013#
Lei 82-B/2014 (Lei do Orçamento)#
Lei 48/2006, retificada pela Declaração de Retificação 72/2006#";PE;S;DGTF#;"MP#
AT#
";"Apreciar#
Comunicar#
";"150.20.404#
350.10.600#
350.30.001#
500.10.001#
";"Prestação de contas#
Lançamento de receitas e de despesas#
Cobrança de receitas e pagamento de despesas#
Realização de auditorias#";"Síntese (sintetizado)#
Síntese (sintetizado)#
Sucessão (antecessor)#
Suplementar#
";Média;N;10;;"#Critério legal:
Prazo prescricional da responsabilidade financeira reintegratória ([Lei 98/97], artº 70, nº 1);
#Critério de utilidade administrativa:
Prazo decorrente da necessidade de consulta deste PN para apuramento de responsabilidade em sede do PN 500.10.001 (no que diz respeito à atuação da Administração).";Data de conclusão do procedimento;Data de encerramento do processo.;E;"#Critério de densidade informacional:
Informação sintetizada no PN 150.20.404 - Prestação de contas.";;;

;350.40.201;Recuperação de créditos resultantes da fiança ou aval do Estado;"Recuperação de créditos resultantes da execução de garantias prestadas pelo Estado, diretamente ou através de outras entidades de coordenação económica.
Inicia com o pagamento pelo Estado em execução de aval ou fiança e termina com a regularização do crédito através do pagamento ou a confirmação da sua irrecuperabilidade.
Inclui planos de pagamento, pedidos de alteração de planos de pagamentos, participações de incumprimento, verificação técnica dos motivos dos incumprimentos, estudo das possibilidades de regularização do crédito e de viabilidade das empresas devedoras, pedidos de execução das garantias prestadas pelo Estado, despachos de autorização de pagamento pelo Estado às entidades bancárias.";Todos os casos resultantes de incumprimento de fianças ou aval do Estado#;;;"Lei 98/97#
Lei 20/2015#
Lei 26/2015#
Lei 82-B/2014#
Lei 82-E/2014#
Lei 82/2014#
Lei 41/2013#
Declaração de Retificação 36/2013#
Declaração de Retificação 72/2006#
Lei 48/2006#
Lei 35/2007#";"Lei 98/97, retificada pela Lei 20/2015#
Lei 82-B/2014 (Lei do Orçamento)#
Lei 41/2013, retificada pela Lei 36/2013#";PE;S;DGTF#;"MP#
AT#
";"Apreciar#
Comunicar#
";"150.20.404#
350.10.600#
350.30.001#
500.10.001#";"Prestação de contas#
Lançamento de receitas e de despesas#
Cobrança de receitas e pagamento de despesas#
Realização de auditorias#";"Síntese (sintetizado)#
Síntese (sintetizado)#
Sucessão (antecessor)#
Suplementar#
";Média;N;10;;"#Critério legal:
Prazo prescricional da responsabilidade financeira reintegratória ([Lei 98/97], artº 70, nº 1);
#Critério de utilidade administrativa:
Prazo decorrente da necessidade de consulta deste PN para apuramento de responsabilidade em sede do PN 500.10.001 (no que diz respeito à atuação da Administração).
";Data de conclusão do procedimento;Data de encerramento do processo.;E;"#Critério de densidade informacional:
Informação sintetizada no PN 150.20.404 - Prestação de contas.";;;

;350.40.202;Recuperação de créditos adquiridos;"Recuperação de créditos transferidos para a titularidade do Estado por aquisição ou dação em pagamento.
Inicia com o contrato de aquisição/cessão de créditos e termina com a regularização do crédito através do pagamento ou a confirmação da sua irrecuperabilidade.
Inclui contratos, relações das dívidas, pedidos de regularização da dívida, decisões proferidas sobre a regularização da dívida, planos prestacionais da dívida, expediente com os devedores, serviços de finanças, tribunais, Segurança Social, administradores de insolvência, assim como informações dos serviços relacionadas com os créditos adquiridos.

";Créditos adquiridos à Segurança Social#;;;"Lei 26/2015#
Lei 98/97#
Lei 20/2015#
Lei 35/2007#
Lei 82-E/2014#
Lei 82-B/2014#
Lei 82/2014#
Lei 41/2013#
Declaração de Retificação 36/2013#
Declaração de Retificação 72/2006#";"Lei 98/97, retificada Lei 20/2015#
Lei 82-B/2014 (Lei do Orçamento)#
Lei 41/2013, retificada pela Declaração de Retificação 36/2013#
Lei 48/2006, retificada pela Declaração de Retificação 72/2006#";PE;S;DGTF#;"MP#
AT#
";"Apreciar#
Comunicar#
";"150.20.404#
350.10.600#
350.30.001#
500.10.001#";"Prestação de contas#
Lançamento de receitas e de despesas#
Cobrança de receitas e pagamento de despesas#
Realização de auditorias#";"Síntese (sintetizado)#
Síntese (sintetizado)#
Sucessão (antecessor)#
Suplementar#";Média;N;10;;"#Critério legal:
Prazo prescricional da responsabilidade financeira reintegratória ([Lei 98/97], artº 70, nº 1);
#Critério de utilidade administrativa:
Prazo decorrente da necessidade de consulta deste PN para apuramento de responsabilidade em sede do PN 500.10.001 (no que diz respeito à atuação da Administração).

";Data de conclusão do procedimento;Data de encerramento do processo.;E;"#Critério de densidade informacional:
Informação sintetizada no PN 150.20.404 - Prestação de contas.";;;

;350.40.203;Recuperação de créditos resultantes da concessão de incentivos financeiros;"Regularização voluntária de créditos relativos a apoios financeiros recebidos ao abrigo da execução de programas de incentivo, já considerados incobráveis.
Inicia com a proposta para recuperação do crédito e termina com a regularização do crédito através do pagamento ou a confirmação da sua irrecuperabilidade pela via voluntária.
Inclui instrução do processo para decisão de recuperação de crédito com apresentação do comprovativo da dívida, decisão para recuperação, articulação com o devedor para definição do plano de pagamento de reposição voluntária e eventual reestruturação de plano de reembolso, controlo do pagamento.

 
";"Restituição de apoios financeiros concedidos no âmbito do emprego e da formação, por incumprimento das entidades beneficiárias#
Restituição de apoios financeiros concedidos a empresas beneficiárias do Programa SIII#
";;"Os pagamentos devem ser classificados em 350.30.001 – Cobrança de receitas e pagamento de despesas#
A recuperação coerciva de créditos deve ser considerada em 600 – Administração da Justiça#
";;;PE;N;DGTF#;;;"150.20.404#
500.10.001#";"Prestação de contas#
Realização de auditorias#";"Síntese (sintetizado)#
Suplementar#";Média;S;10;;"#Critério legal:
Prazo prescricional da responsabilidade financeira reintegratória ([Lei 98/97], artº 70, nº 1);
#Critério de utilidade administrativa:
Prazo decorrente da necessidade de consulta deste PN para apuramento de responsabilidade em sede do PN 500.10.001 (no que diz respeito à atuação da Administração).

";Data de conclusão do procedimento;Data de encerramento do processo.;E;"#Critério de densidade informacional:
Informação sintetizada no PN 150.20.404 - Prestação de contas.";;;

;350.40.204;Recuperação de créditos transferidos de organismos extintos;"Regularização voluntária de créditos transmitidos de organismos extintos.
Inicia com a proposta para recuperação do crédito e termina com a regularização do crédito através do pagamento ou a confirmação da sua irrecuperabilidade pela via voluntária.
Inclui instrução do processo para decisão de recuperação de crédito, com análise do auto de entrega referente ao organismo extinto e dos comprovativos de dívida, constituição de hipotecas, decisão para recuperação, articulação com os devedores e outras entidades envolvidas, controlo do pagamento.

";"Recuperação de créditos transferidos para o IEFP, I.P. por extinção dos Centros de Gestão Participada#
Processos transmitidos do FFH, IPE, CIFRE, EPAC, Programa do Crédito Agrícola de Emergência (CAE), entre outros#";;"Os pagamentos devem ser classificados em 350.30.001 – Cobrança de receitas e pagamento de despesas#
A recuperação coerciva de créditos deve ser considerada em 600 – Administração da Justiça#
";;;PE;N;"DGTF#
AL#
";;;"150.20.404#
150.20.401#
500.10.001#";"Prestação de contas#
Acompanhamento de liquidação de entidades#
Realização de auditorias#";"Síntese (sintetizado)#
Cruzada#
Suplementar#";Média;S;10;;"#Critério legal:
Prazo prescricional da responsabilidade financeira reintegratória ([Lei 98/97], artº 70, nº 1);
#Critério de utilidade administrativa:
Prazo decorrente da necessidade de consulta deste PN para apuramento de responsabilidade em sede do PN 500.10.001 (no que diz respeito à atuação da Administração).";Data de conclusão do procedimento;Data de encerramento do processo.;E;"#Critério de densidade informacional:
Informação sintetizada no PN 150.20.404 - Prestação de contas.";;;

;350.40.400;Concessão, gestão e execução de empréstimos;"Concessão e administração de empréstimos a entidades internas e externas e a respetiva execução.
Inicia com o pedido de financiamento ao Estado por parte de determinada entidade e termina após a amortização/conversão em capital/perdão de dívida.

";;;;Lei 4/2006#;Lei do Orçamento do Estado#;PE;S;"DGTF#
AL#
SPE#";DGAL#;Comunicar#;"150.20.404#
350.10.600#
350.30.001#
500.10.001#";"Prestação de contas#
Lançamento de receitas e de despesas#
Cobrança de receitas e pagamento de despesas#
Realização de auditorias#";"Síntese (sintetizado)#
Síntese (sintetizado)#
Sucessão (antecessor)#
Suplementar#
";Média;N;10;;"#Critério legal:
Prazo prescricional da responsabilidade financeira reintegratória ([Lei 98/97], artº 70, nº 1);
#Critério de utilidade administrativa:
Prazo decorrente da necessidade de consulta deste PN para apuramento de responsabilidade em sede do PN 500.10.001 (no que diz respeito à atuação da Administração).";Data de conclusão do procedimento;Data de encerramento do processo.;E;"#Critério de densidade informacional:
Informação sintetizada no PN 150.20.404 - Prestação de contas.";;;

;350.40.401;Contração e amortização de empréstimos;"Empréstimo de montantes financeiros quer entre a administração e um banco, quer entre administrações, quer ainda entre o Estado e empresas ou particulares.
Inicia com a autorização de contração de empréstimo e termina com o pagamento do empréstimo.
Inclui a solicitação de propostas e seleção.";;;"A arrecadação do valor do empréstimo, a transferência de verbas, bem como o pagamento para amortização parcial ou total do seu valor, devem ser considerados em 350.30.001 – Cobrança de receitas e pagamento de despesas#
A verificação do contrato pelo Tribunal de Contas deve ser considerada em 500.10.002 – Fiscalização prévia do Tribunal de Contas#";Lei 73/2013#;;PE;S;"DGTF#
AL#
SPE#";DGAL#;Comunicar#;"150.20.404#
500.10.001#
500.10.002#";"Prestação de contas#
Realização de auditorias#
Fiscalização prévia do Tribunal de Contas#";"Síntese (sintetizado)#
Suplementar#
Cruzada#";Média;N;10;;"#Critério legal:
Prazo prescricional da responsabilidade financeira reintegratória ([Lei 98/97], artº 70, nº 1);
#Critério de utilidade administrativa:
Prazo decorrente da necessidade de consulta deste PN para apuramento de responsabilidade em sede do PN 500.10.001 (no que diz respeito à atuação da Administração).

";Data de conclusão do procedimento;Data de encerramento do processo.;C;"#Critério de densidade informacional:
Informação detalhada não recuperável noutros PN.";;;

;350.40.600;Assunção de responsabilidades;"Assunção de responsabilidades pelo Estado para com organismos públicos e empresas públicas e participadas.
Inicia com o diploma que determina a assunção de responsabilidades pelo Estado e termina com o pagamento a entidade terceira.
Inclui a situação financeira das entidades objeto da regularização de passivos e propostas dos serviços propondo a regularização de dívidas.
";Processos de saneamento económico-financeiro de sociedades anónimas de capitais públicos, de empresas em liquidação#;;;"DL 133/2013#
DL 262/86#";;PE;S;DGTF#;"SPE#
";"Comunicar#
";"150.20.404#
350.10.600#
350.30.001#
350.40.602#
500.10.001#";"Prestação de contas#
Lançamento de receitas e de despesas#
Cobrança de receitas e pagamento de despesas#
Liquidação de entidades#
Realização de auditorias#";"Síntese (sintetizado)#
Síntese (sintetizado)#
Sucessão (antecessor)#
Cruzada#
Suplementar#";Média;N;10;;"#Critério legal:
Prazo prescricional da responsabilidade financeira reintegratória ([Lei 98/97], artº 70, nº 1);
#Critério de utilidade administrativa:
Prazo decorrente da necessidade de consulta deste PN para apuramento de responsabilidade em sede do PN 500.10.001 (no que diz respeito à atuação da Administração).

";Data de conclusão do procedimento;Data de encerramento do processo.;E;"#Critério de densidade informacional:
Informação sintetizada no PN 150.20.404 - Prestação de contas.";;;

;350.40.601;Arrecadação de dividendos;"Distribuição de remunerações provenientes das participações acionistas detidas diretamente pelo Estado.
Inicia com o apuramento de montantes e termina com a aprovação dos montantes a distribuir.
Inclui recolha de estimativas para efeitos da preparação do Orçamento do Estado, posterior elaboração de informação de análise do Relatório e Contas das EP e das SA das participações diretas, para efeito da apresentação de projeto de despacho relativo aos montantes de dividendos a distribuir.";;;A arrecadação das receitas proveniente de dividendos ou de remuneração do capital estatutário deve ser considerada em 350.30.001 – Cobrança de receitas e pagamento de despesas#;DL 262/86#;;PE;S;DGTF#;"SPE#
";"Comunicar#
";"150.20.404#
350.10.600#
350.30.001#
500.10.001#
";"Prestação de contas#
Lançamento de receitas e de despesas#
Cobrança de receitas e pagamento de despesas#
Realização de auditorias#";"Síntese (sintetizado)#
Síntese (sintetizado)#
Sucessão (antecessor)#
Suplementar#";Elevada;S;10;;"#Critério legal:
Prazo prescricional da responsabilidade financeira reintegratória ([Lei 98/97], artº 70, nº 1);
#Critério de utilidade administrativa:
Prazo decorrente da necessidade de consulta deste PN para apuramento de responsabilidade em sede do PN 500.10.001 (no que diz respeito à atuação da Administração).";Data de conclusão do procedimento;Data de encerramento do processo.;E;"#Critério de densidade informacional:
Informação sintetizada no PN 150.20.404 - Prestação de contas.";;;

;350.40.602;"Liquidação de entidades
";"Cálculo dos ativos e passivos na sequência da dissolução ou extinção de uma sociedade comercial ou de entidade sem fins lucrativos, e repartição de lucros e prejuízos pelos seus sócios ou acionistas.
Inicia com o requerimento dos interessados ou no âmbito de outro procedimento administrativo e termina com o registo do encerramento da liquidação.
Inclui indicação dos liquidatários, informação sobre o pagamento das dívidas da sociedade, informação sobre a partilha do ativo após pagamento aos credores, comunicação do facto às entidades competentes.";"Liquidação de associações#
Liquidação de fundações#
Liquidação de outras entidades sem fins lucrativos#
Liquidação de sociedades comerciais, na sequência da sua extinção#";;"O pagamento de dívidas deve ser considerado em 350.30.001 – Cobrança de receitas e pagamento de despesas#
O acompanhamento, no âmbito da função acionista do Estado e do exercício da tutela financeira, de liquidação de sociedades e outras entidades públicas deve ser considerado em 150.20.401 – Acompanhamento de liquidação de entidades#";DL 262/86#;Diploma específico de dissolução da entidade#;PE;S;SPE#;"DGTF#
AL#
";"Apreciar#
Apreciar#
";"150.20.401#
150.10.601#
150.20.404#
300.30.004#
350.40.600#
500.10.001#";"Acompanhamento de liquidação de entidades#
Caracterização de entidades para apoio à definição de políticas#
Prestação de contas#
Inventariação do património financeiro#
Assunção de responsabilidades#
Realização de auditorias#";"Síntese (sintetizado)#
Cruzada#
Síntese (sintetizado)#
Cruzada#
Cruzada#
Suplementar#";Reduzida;S;10;;"#Critério legal:
Prazo prescricional da responsabilidade financeira reintegratória ([Lei 98/97], artº 70, nº 1);
#Critério de utilidade administrativa:
Prazo decorrente da necessidade de consulta deste PN para apuramento de responsabilidade em sede do PN 500.10.001 (no que diz respeito à atuação da Administração).";Data de conclusão do procedimento;Data de encerramento do processo.;E;"#Critério de densidade informacional:
Informação sintetizada no PN 150.20.401 - Acompanhamento de liquidação de entidades; PN 150.20.404 - Prestação de contas.";;;

;350.40.603;Regularização de responsabilidades do Estado;"Regularização de situações do passivo do Estado, tal como o pagamento à Segurança Social de encargos com os pensionistas e reformados das ex-províncias ultramarinas, previstas em norma específica na Lei Orçamental ou em diploma especial, bem como de outras responsabilidades que lhe foram legalmente transmitidas.
Inicia com a assunção de responsabilidades e termina com a regularização da responsabilidade do Estado.

";Pgamentos em execução de garantia do Estado concedida no âmbito do código das expropriações#;;;DL 335/90#;Leis do Orçamento do Estado#;PE;S;DGTF#;IGFSS#;"Comunicar#
";"150.20.404#
350.10.600#
350.30.001#
500.10.001#
";"Prestação de contas#
Lançamento de receitas e de despesas#
Cobrança de receitas e pagamento de despesas#
Realização de auditorias#
";"Síntese (sintetizado)#
Síntese (sintetizado)#
Sucessão (antecessor)#
Suplementar#";Média;S;10;;"#Critério legal:
Prazo prescricional da responsabilidade financeira reintegratória ([Lei 98/97], artº 70, nº 1);
#Critério de utilidade administrativa:
Prazo decorrente da necessidade de consulta deste PN para apuramento de responsabilidade em sede do PN 500.10.001 (no que diz respeito à atuação da Administração).";Data de conclusão do procedimento;Data de encerramento do processo.;E;"#Critério de densidade informacional:
Informação sintetizada no PN 150.20.404 - Prestação de contas.";;;

;;;;;;;;;;;;;;;;;;;;;;;;;;;;

;;;;;;;;;;;;;;;;;;;;;;;;;;;;

;;;;;;;;;;;;;;;;;;;;;;;;;;;;

;;;;;;;;;;;;;;;;;;;;;;;;;;;;

;;;;;;;;;;;;;;;;;;;;;;;;;;;;

;;;;;;;;;;;;;;;;;;;;;;;;;;;;

;;;;;;;;;;;;;;;;;;;;;;;;;;;;

;;;;;;;;;;;;;;;;;;;;;;;;;;;;

;;;;;;;;;;;;;;;;;;;;;;;;;;;;

;;;;;;;;;;;;;;;;;;;;;;;;;;;;

;;;;;;;;;;;;;;;;;;;;;;;;;;;;

;;;;;;;;;;;;;;;;;;;;;;;;;;;;

;;;;;;;;;;;;;;;;;;;;;;;;;;;;

;;;;;;;;;;;;;;;;;;;;;;;;;;;;

;;;;;;;;;;;;;;;;;;;;;;;;;;;;

;;;;;;;;;;;;;;;;;;;;;;;;;;;;

;;;;;;;;;;;;;;;;;;;;;;;;;;;;

;;;;;;;;;;;;;;;;;;;;;;;;;;;;

;;;;;;;;;;;;;;;;;;;;;;;;;;;;

;;;;;;;;;;;;;;;;;;;;;;;;;;;;

;;;;;;;;;;;;;;;;;;;;;;;;;;;;

;;;;;;;;;;;;;;;;;;;;;;;;;;;;

;;;;;;;;;;;;;;;;;;;;;;;;;;;;

;;;;;;;;;;;;;;;;;;;;;;;;;;;;

;;;;;;;;;;;;;;;;;;;;;;;;;;;;

;;;;;;;;;;;;;;;;;;;;;;;;;;;;

;;;;;;;;;;;;;;;;;;;;;;;;;;;;

;;;;;;;;;;;;;;;;;;;;;;;;;;;;

;;;;;;;;;;;;;;;;;;;;;;;;;;;;

;;;;;;;;;;;;;;;;;;;;;;;;;;;;

;;;;;;;;;;;;;;;;;;;;;;;;;;;;

;;;;;;;;;;;;;;;;;;;;;;;;;;;;

;;;;;;;;;;;;;;;;;;;;;;;;;;;;

;;;;;;;;;;;;;;;;;;;;;;;;;;;;

;;;;;;;;;;;;;;;;;;;;;;;;;;;;

;;;;;;;;;;;;;;;;;;;;;;;;;;;;

;;;;;;;;;;;;;;;;;;;;;;;;;;;;

;;;;;;;;;;;;;;;;;;;;;;;;;;;;

;;;;;;;;;;;;;;;;;;;;;;;;;;;;

;;;;;;;;;;;;;;;;;;;;;;;;;;;;

;;;;;;;;;;;;;;;;;;;;;;;;;;;;

;;;;;;;;;;;;;;;;;;;;;;;;;;;;

;;;;;;;;;;;;;;;;;;;;;;;;;;;;

;;;;;;;;;;;;;;;;;;;;;;;;;;;;

;;;;;;;;;;;;;;;;;;;;;;;;;;;;

;;;;;;;;;;;;;;;;;;;;;;;;;;;;

;;;;;;;;;;;;;;;;;;;;;;;;;;;;

;;;;;;;;;;;;;;;;;;;;;;;;;;;;

;;;;;;;;;;;;;;;;;;;;;;;;;;;;

;;;;;;;;;;;;;;;;;;;;;;;;;;;;

;;;;;;;;;;;;;;;;;;;;;;;;;;;;

;;;;;;;;;;;;;;;;;;;;;;;;;;;;

;;;;;;;;;;;;;;;;;;;;;;;;;;;;

;;;;;;;;;;;;;;;;;;;;;;;;;;;;

;;;;;;;;;;;;;;;;;;;;;;;;;;;;

;;;;;;;;;;;;;;;;;;;;;;;;;;;;

;;;;;;;;;;;;;;;;;;;;;;;;;;;;

;;;;;;;;;;;;;;;;;;;;;;;;;;;;

;;;;;;;;;;;;;;;;;;;;;;;;;;;;

;;;;;;;;;;;;;;;;;;;;;;;;;;;;

;;;;;;;;;;;;;;;;;;;;;;;;;;;;

;;;;;;;;;;;;;;;;;;;;;;;;;;;;

;;;;;;;;;;;;;;;;;;;;;;;;;;;;

;;;;;;;;;;;;;;;;;;;;;;;;;;;;

;;;;;;;;;;;;;;;;;;;;;;;;;;;;

;;;;;;;;;;;;;;;;;;;;;;;;;;;;

;;;;;;;;;;;;;;;;;;;;;;;;;;;;

;;;;;;;;;;;;;;;;;;;;;;;;;;;;

;;;;;;;;;;;;;;;;;;;;;;;;;;;;

;;;;;;;;;;;;;;;;;;;;;;;;;;;;

;;;;;;;;;;;;;;;;;;;;;;;;;;;;

;;;;;;;;;;;;;;;;;;;;;;;;;;;;

;;;;;;;;;;;;;;;;;;;;;;;;;;;;

;;;;;;;;;;;;;;;;;;;;;;;;;;;;

;;;;;;;;;;;;;;;;;;;;;;;;;;;;

;;;;;;;;;;;;;;;;;;;;;;;;;;;;

;;;;;;;;;;;;;;;;;;;;;;;;;;;;

;;;;;;;;;;;;;;;;;;;;;;;;;;;;

;;;;;;;;;;;;;;;;;;;;;;;;;;;;

;;;;;;;;;;;;;;;;;;;;;;;;;;;;

;;;;;;;;;;;;;;;;;;;;;;;;;;;;

;;;;;;;;;;;;;;;;;;;;;;;;;;;;

;;;;;;;;;;;;;;;;;;;;;;;;;;;;

;;;;;;;;;;;;;;;;;;;;;;;;;;;;

;;;;;;;;;;;;;;;;;;;;;;;;;;;;

;;;;;;;;;;;;;;;;;;;;;;;;;;;;

;;;;;;;;;;;;;;;;;;;;;;;;;;;;

;;;;;;;;;;;;;;;;;;;;;;;;;;;;

;;;;;;;;;;;;;;;;;;;;;;;;;;;;

;;;;;;;;;;;;;;;;;;;;;;;;;;;;

;;;;;;;;;;;;;;;;;;;;;;;;;;;;

;;;;;;;;;;;;;;;;;;;;;;;;;;;;

;;;;;;;;;;;;;;;;;;;;;;;;;;;;

;;;;;;;;;;;;;;;;;;;;;;;;;;;;

;;;;;;;;;;;;;;;;;;;;;;;;;;;;

;;;;;;;;;;;;;;;;;;;;;;;;;;;;

;;;;;;;;;;;;;;;;;;;;;;;;;;;;

;;;;;;;;;;;;;;;;;;;;;;;;;;;;

;;;;;;;;;;;;;;;;;;;;;;;;;;;;

;;;;;;;;;;;;;;;;;;;;;;;;;;;;

;;;;;;;;;;;;;;;;;;;;;;;;;;;;

;;;;;;;;;;;;;;;;;;;;;;;;;;;;

;;;;;;;;;;;;;;;;;;;;;;;;;;;;

;;;;;;;;;;;;;;;;;;;;;;;;;;;;

;;;;;;;;;;;;;;;;;;;;;;;;;;;;

;;;;;;;;;;;;;;;;;;;;;;;;;;;;

;;;;;;;;;;;;;;;;;;;;;;;;;;;;

;;;;;;;;;;;;;;;;;;;;;;;;;;;;

;;;;;;;;;;;;;;;;;;;;;;;;;;;;

;;;;;;;;;;;;;;;;;;;;;;;;;;;;

;;;;;;;;;;;;;;;;;;;;;;;;;;;;

;;;;;;;;;;;;;;;;;;;;;;;;;;;;

;;;;;;;;;;;;;;;;;;;;;;;;;;;;

;;;;;;;;;;;;;;;;;;;;;;;;;;;;

;;;;;;;;;;;;;;;;;;;;;;;;;;;;

;;;;;;;;;;;;;;;;;;;;;;;;;;;;

;;;;;;;;;;;;;;;;;;;;;;;;;;;;

;;;;;;;;;;;;;;;;;;;;;;;;;;;;

;;;;;;;;;;;;;;;;;;;;;;;;;;;;

;;;;;;;;;;;;;;;;;;;;;;;;;;;;

;;;;;;;;;;;;;;;;;;;;;;;;;;;;

;;;;;;;;;;;;;;;;;;;;;;;;;;;;

;;;;;;;;;;;;;;;;;;;;;;;;;;;;

;;;;;;;;;;;;;;;;;;;;;;;;;;;;

;;;;;;;;;;;;;;;;;;;;;;;;;;;;

;;;;;;;;;;;;;;;;;;;;;;;;;;;;

;;;;;;;;;;;;;;;;;;;;;;;;;;;;

;;;;;;;;;;;;;;;;;;;;;;;;;;;;

;;;;;;;;;;;;;;;;;;;;;;;;;;;;

;;;;;;;;;;;;;;;;;;;;;;;;;;;;

;;;;;;;;;;;;;;;;;;;;;;;;;;;;

;;;;;;;;;;;;;;;;;;;;;;;;;;;;

;;;;;;;;;;;;;;;;;;;;;;;;;;;;

;;;;;;;;;;;;;;;;;;;;;;;;;;;;

;;;;;;;;;;;;;;;;;;;;;;;;;;;;

;;;;;;;;;;;;;;;;;;;;;;;;;;;;

;;;;;;;;;;;;;;;;;;;;;;;;;;;;

;;;;;;;;;;;;;;;;;;;;;;;;;;;;

;;;;;;;;;;;;;;;;;;;;;;;;;;;;

;;;;;;;;;;;;;;;;;;;;;;;;;;;;

;;;;;;;;;;;;;;;;;;;;;;;;;;;;

;;;;;;;;;;;;;;;;;;;;;;;;;;;;

;;;;;;;;;;;;;;;;;;;;;;;;;;;;

;;;;;;;;;;;;;;;;;;;;;;;;;;;;

;;;;;;;;;;;;;;;;;;;;;;;;;;;;

;;;;;;;;;;;;;;;;;;;;;;;;;;;;

;;;;;;;;;;;;;;;;;;;;;;;;;;;;

;;;;;;;;;;;;;;;;;;;;;;;;;;;;

;;;;;;;;;;;;;;;;;;;;;;;;;;;;

;;;;;;;;;;;;;;;;;;;;;;;;;;;;

;;;;;;;;;;;;;;;;;;;;;;;;;;;;

;;;;;;;;;;;;;;;;;;;;;;;;;;;;

;;;;;;;;;;;;;;;;;;;;;;;;;;;;

;;;;;;;;;;;;;;;;;;;;;;;;;;;;

;;;;;;;;;;;;;;;;;;;;;;;;;;;;

;;;;;;;;;;;;;;;;;;;;;;;;;;;;

;;;;;;;;;;;;;;;;;;;;;;;;;;;;

;;;;;;;;;;;;;;;;;;;;;;;;;;;;

;;;;;;;;;;;;;;;;;;;;;;;;;;;;

;;;;;;;;;;;;;;;;;;;;;;;;;;;;

;;;;;;;;;;;;;;;;;;;;;;;;;;;;

;;;;;;;;;;;;;;;;;;;;;;;;;;;;

;;;;;;;;;;;;;;;;;;;;;;;;;;;;

;;;;;;;;;;;;;;;;;;;;;;;;;;;;

;;;;;;;;;;;;;;;;;;;;;;;;;;;;

;;;;;;;;;;;;;;;;;;;;;;;;;;;;

;;;;;;;;;;;;;;;;;;;;;;;;;;;;

;;;;;;;;;;;;;;;;;;;;;;;;;;;;

;;;;;;;;;;;;;;;;;;;;;;;;;;;;

;;;;;;;;;;;;;;;;;;;;;;;;;;;;

;;;;;;;;;;;;;;;;;;;;;;;;;;;;

;;;;;;;;;;;;;;;;;;;;;;;;;;;;

;;;;;;;;;;;;;;;;;;;;;;;;;;;;

;;;;;;;;;;;;;;;;;;;;;;;;;;;;

;;;;;;;;;;;;;;;;;;;;;;;;;;;;

;;;;;;;;;;;;;;;;;;;;;;;;;;;;

;;;;;;;;;;;;;;;;;;;;;;;;;;;;

;;;;;;;;;;;;;;;;;;;;;;;;;;;;

;;;;;;;;;;;;;;;;;;;;;;;;;;;;

;;;;;;;;;;;;;;;;;;;;;;;;;;;;

;;;;;;;;;;;;;;;;;;;;;;;;;;;;

;;;;;;;;;;;;;;;;;;;;;;;;;;;;

;;;;;;;;;;;;;;;;;;;;;;;;;;;;

;;;;;;;;;;;;;;;;;;;;;;;;;;;;

;;;;;;;;;;;;;;;;;;;;;;;;;;;;

;;;;;;;;;;;;;;;;;;;;;;;;;;;;

;;;;;;;;;;;;;;;;;;;;;;;;;;;;

;;;;;;;;;;;;;;;;;;;;;;;;;;;;

;;;;;;;;;;;;;;;;;;;;;;;;;;;;

;;;;;;;;;;;;;;;;;;;;;;;;;;;;

;;;;;;;;;;;;;;;;;;;;;;;;;;;;

;;;;;;;;;;;;;;;;;;;;;;;;;;;;

;;;;;;;;;;;;;;;;;;;;;;;;;;;;

;;;;;;;;;;;;;;;;;;;;;;;;;;;;

;;;;;;;;;;;;;;;;;;;;;;;;;;;;

;;;;;;;;;;;;;;;;;;;;;;;;;;;;

;;;;;;;;;;;;;;;;;;;;;;;;;;;;

;;;;;;;;;;;;;;;;;;;;;;;;;;;;

;;;;;;;;;;;;;;;;;;;;;;;;;;;;

;;;;;;;;;;;;;;;;;;;;;;;;;;;;

;;;;;;;;;;;;;;;;;;;;;;;;;;;;

;;;;;;;;;;;;;;;;;;;;;;;;;;;;

;;;;;;;;;;;;;;;;;;;;;;;;;;;;

;;;;;;;;;;;;;;;;;;;;;;;;;;;;

;;;;;;;;;;;;;;;;;;;;;;;;;;;;

;;;;;;;;;;;;;;;;;;;;;;;;;;;;

;;;;;;;;;;;;;;;;;;;;;;;;;;;;

;;;;;;;;;;;;;;;;;;;;;;;;;;;;

;;;;;;;;;;;;;;;;;;;;;;;;;;;;

;;;;;;;;;;;;;;;;;;;;;;;;;;;;

;;;;;;;;;;;;;;;;;;;;;;;;;;;;

;;;;;;;;;;;;;;;;;;;;;;;;;;;;

;;;;;;;;;;;;;;;;;;;;;;;;;;;;

;;;;;;;;;;;;;;;;;;;;;;;;;;;;

;;;;;;;;;;;;;;;;;;;;;;;;;;;;

;;;;;;;;;;;;;;;;;;;;;;;;;;;;

;;;;;;;;;;;;;;;;;;;;;;;;;;;;

;;;;;;;;;;;;;;;;;;;;;;;;;;;;

;;;;;;;;;;;;;;;;;;;;;;;;;;;;

;;;;;;;;;;;;;;;;;;;;;;;;;;;;

;;;;;;;;;;;;;;;;;;;;;;;;;;;;

;;;;;;;;;;;;;;;;;;;;;;;;;;;;

;;;;;;;;;;;;;;;;;;;;;;;;;;;;

;;;;;;;;;;;;;;;;;;;;;;;;;;;;

;;;;;;;;;;;;;;;;;;;;;;;;;;;;

;;;;;;;;;;;;;;;;;;;;;;;;;;;;

;;;;;;;;;;;;;;;;;;;;;;;;;;;;

;;;;;;;;;;;;;;;;;;;;;;;;;;;;

;;;;;;;;;;;;;;;;;;;;;;;;;;;;

;;;;;;;;;;;;;;;;;;;;;;;;;;;;

;;;;;;;;;;;;;;;;;;;;;;;;;;;;

;;;;;;;;;;;;;;;;;;;;;;;;;;;;

;;;;;;;;;;;;;;;;;;;;;;;;;;;;

;;;;;;;;;;;;;;;;;;;;;;;;;;;;

;;;;;;;;;;;;;;;;;;;;;;;;;;;;

;;;;;;;;;;;;;;;;;;;;;;;;;;;;

;;;;;;;;;;;;;;;;;;;;;;;;;;;;

;;;;;;;;;;;;;;;;;;;;;;;;;;;;

;;;;;;;;;;;;;;;;;;;;;;;;;;;;

;;;;;;;;;;;;;;;;;;;;;;;;;;;;

;;;;;;;;;;;;;;;;;;;;;;;;;;;;

;;;;;;;;;;;;;;;;;;;;;;;;;;;;

;;;;;;;;;;;;;;;;;;;;;;;;;;;;

;;;;;;;;;;;;;;;;;;;;;;;;;;;;

;;;;;;;;;;;;;;;;;;;;;;;;;;;;

;;;;;;;;;;;;;;;;;;;;;;;;;;;;

;;;;;;;;;;;;;;;;;;;;;;;;;;;;

;;;;;;;;;;;;;;;;;;;;;;;;;;;;

;;;;;;;;;;;;;;;;;;;;;;;;;;;;

;;;;;;;;;;;;;;;;;;;;;;;;;;;;

;;;;;;;;;;;;;;;;;;;;;;;;;;;;

;;;;;;;;;;;;;;;;;;;;;;;;;;;;

;;;;;;;;;;;;;;;;;;;;;;;;;;;;

;;;;;;;;;;;;;;;;;;;;;;;;;;;;

;;;;;;;;;;;;;;;;;;;;;;;;;;;;

;;;;;;;;;;;;;;;;;;;;;;;;;;;;

;;;;;;;;;;;;;;;;;;;;;;;;;;;;

;;;;;;;;;;;;;;;;;;;;;;;;;;;;

;;;;;;;;;;;;;;;;;;;;;;;;;;;;

;;;;;;;;;;;;;;;;;;;;;;;;;;;;

;;;;;;;;;;;;;;;;;;;;;;;;;;;;

;;;;;;;;;;;;;;;;;;;;;;;;;;;;

;;;;;;;;;;;;;;;;;;;;;;;;;;;;

;;;;;;;;;;;;;;;;;;;;;;;;;;;;

;;;;;;;;;;;;;;;;;;;;;;;;;;;;

;;;;;;;;;;;;;;;;;;;;;;;;;;;;

;;;;;;;;;;;;;;;;;;;;;;;;;;;;

;;;;;;;;;;;;;;;;;;;;;;;;;;;;

;;;;;;;;;;;;;;;;;;;;;;;;;;;;

;;;;;;;;;;;;;;;;;;;;;;;;;;;;

;;;;;;;;;;;;;;;;;;;;;;;;;;;;

;;;;;;;;;;;;;;;;;;;;;;;;;;;;

;;;;;;;;;;;;;;;;;;;;;;;;;;;;

;;;;;;;;;;;;;;;;;;;;;;;;;;;;

;;;;;;;;;;;;;;;;;;;;;;;;;;;;

;;;;;;;;;;;;;;;;;;;;;;;;;;;;

;;;;;;;;;;;;;;;;;;;;;;;;;;;;

;;;;;;;;;;;;;;;;;;;;;;;;;;;;

;;;;;;;;;;;;;;;;;;;;;;;;;;;;

;;;;;;;;;;;;;;;;;;;;;;;;;;;;

;;;;;;;;;;;;;;;;;;;;;;;;;;;;

;;;;;;;;;;;;;;;;;;;;;;;;;;;;

;;;;;;;;;;;;;;;;;;;;;;;;;;;;

;;;;;;;;;;;;;;;;;;;;;;;;;;;;

;;;;;;;;;;;;;;;;;;;;;;;;;;;;

;;;;;;;;;;;;;;;;;;;;;;;;;;;;

;;;;;;;;;;;;;;;;;;;;;;;;;;;;

;;;;;;;;;;;;;;;;;;;;;;;;;;;;

;;;;;;;;;;;;;;;;;;;;;;;;;;;;

;;;;;;;;;;;;;;;;;;;;;;;;;;;;

;;;;;;;;;;;;;;;;;;;;;;;;;;;;

;;;;;;;;;;;;;;;;;;;;;;;;;;;;

;;;;;;;;;;;;;;;;;;;;;;;;;;;;

;;;;;;;;;;;;;;;;;;;;;;;;;;;;

;;;;;;;;;;;;;;;;;;;;;;;;;;;;

;;;;;;;;;;;;;;;;;;;;;;;;;;;;

;;;;;;;;;;;;;;;;;;;;;;;;;;;;

;;;;;;;;;;;;;;;;;;;;;;;;;;;;

;;;;;;;;;;;;;;;;;;;;;;;;;;;;

;;;;;;;;;;;;;;;;;;;;;;;;;;;;

;;;;;;;;;;;;;;;;;;;;;;;;;;;;

;;;;;;;;;;;;;;;;;;;;;;;;;;;;

;;;;;;;;;;;;;;;;;;;;;;;;;;;;

;;;;;;;;;;;;;;;;;;;;;;;;;;;;

;;;;;;;;;;;;;;;;;;;;;;;;;;;;

;;;;;;;;;;;;;;;;;;;;;;;;;;;;

;;;;;;;;;;;;;;;;;;;;;;;;;;;;

;;;;;;;;;;;;;;;;;;;;;;;;;;;;

;;;;;;;;;;;;;;;;;;;;;;;;;;;;

;;;;;;;;;;;;;;;;;;;;;;;;;;;;

;;;;;;;;;;;;;;;;;;;;;;;;;;;;

;;;;;;;;;;;;;;;;;;;;;;;;;;;;

;;;;;;;;;;;;;;;;;;;;;;;;;;;;

;;;;;;;;;;;;;;;;;;;;;;;;;;;;

;;;;;;;;;;;;;;;;;;;;;;;;;;;;

;;;;;;;;;;;;;;;;;;;;;;;;;;;;

;;;;;;;;;;;;;;;;;;;;;;;;;;;;

;;;;;;;;;;;;;;;;;;;;;;;;;;;;

;;;;;;;;;;;;;;;;;;;;;;;;;;;;

;;;;;;;;;;;;;;;;;;;;;;;;;;;;

;;;;;;;;;;;;;;;;;;;;;;;;;;;;

;;;;;;;;;;;;;;;;;;;;;;;;;;;;

;;;;;;;;;;;;;;;;;;;;;;;;;;;;

;;;;;;;;;;;;;;;;;;;;;;;;;;;;

;;;;;;;;;;;;;;;;;;;;;;;;;;;;

;;;;;;;;;;;;;;;;;;;;;;;;;;;;

;;;;;;;;;;;;;;;;;;;;;;;;;;;;

;;;;;;;;;;;;;;;;;;;;;;;;;;;;

;;;;;;;;;;;;;;;;;;;;;;;;;;;;

;;;;;;;;;;;;;;;;;;;;;;;;;;;;

;;;;;;;;;;;;;;;;;;;;;;;;;;;;

;;;;;;;;;;;;;;;;;;;;;;;;;;;;

;;;;;;;;;;;;;;;;;;;;;;;;;;;;

;;;;;;;;;;;;;;;;;;;;;;;;;;;;

;;;;;;;;;;;;;;;;;;;;;;;;;;;;

;;;;;;;;;;;;;;;;;;;;;;;;;;;;

;;;;;;;;;;;;;;;;;;;;;;;;;;;;

;;;;;;;;;;;;;;;;;;;;;;;;;;;;

;;;;;;;;;;;;;;;;;;;;;;;;;;;;

;;;;;;;;;;;;;;;;;;;;;;;;;;;;

;;;;;;;;;;;;;;;;;;;;;;;;;;;;

;;;;;;;;;;;;;;;;;;;;;;;;;;;;

;;;;;;;;;;;;;;;;;;;;;;;;;;;;

;;;;;;;;;;;;;;;;;;;;;;;;;;;;

;;;;;;;;;;;;;;;;;;;;;;;;;;;;

;;;;;;;;;;;;;;;;;;;;;;;;;;;;

;;;;;;;;;;;;;;;;;;;;;;;;;;;;

;;;;;;;;;;;;;;;;;;;;;;;;;;;;

;;;;;;;;;;;;;;;;;;;;;;;;;;;;

;;;;;;;;;;;;;;;;;;;;;;;;;;;;

;;;;;;;;;;;;;;;;;;;;;;;;;;;;

;;;;;;;;;;;;;;;;;;;;;;;;;;;;

;;;;;;;;;;;;;;;;;;;;;;;;;;;;

;;;;;;;;;;;;;;;;;;;;;;;;;;;;

;;;;;;;;;;;;;;;;;;;;;;;;;;;;

;;;;;;;;;;;;;;;;;;;;;;;;;;;;

;;;;;;;;;;;;;;;;;;;;;;;;;;;;

;;;;;;;;;;;;;;;;;;;;;;;;;;;;

;;;;;;;;;;;;;;;;;;;;;;;;;;;;

;;;;;;;;;;;;;;;;;;;;;;;;;;;;

;;;;;;;;;;;;;;;;;;;;;;;;;;;;

;;;;;;;;;;;;;;;;;;;;;;;;;;;;

;;;;;;;;;;;;;;;;;;;;;;;;;;;;

;;;;;;;;;;;;;;;;;;;;;;;;;;;;

;;;;;;;;;;;;;;;;;;;;;;;;;;;;

;;;;;;;;;;;;;;;;;;;;;;;;;;;;

;;;;;;;;;;;;;;;;;;;;;;;;;;;;

;;;;;;;;;;;;;;;;;;;;;;;;;;;;

;;;;;;;;;;;;;;;;;;;;;;;;;;;;

;;;;;;;;;;;;;;;;;;;;;;;;;;;;

;;;;;;;;;;;;;;;;;;;;;;;;;;;;

;;;;;;;;;;;;;;;;;;;;;;;;;;;;

;;;;;;;;;;;;;;;;;;;;;;;;;;;;

;;;;;;;;;;;;;;;;;;;;;;;;;;;;

;;;;;;;;;;;;;;;;;;;;;;;;;;;;

;;;;;;;;;;;;;;;;;;;;;;;;;;;;

;;;;;;;;;;;;;;;;;;;;;;;;;;;;

;;;;;;;;;;;;;;;;;;;;;;;;;;;;

;;;;;;;;;;;;;;;;;;;;;;;;;;;;

;;;;;;;;;;;;;;;;;;;;;;;;;;;;

;;;;;;;;;;;;;;;;;;;;;;;;;;;;

;;;;;;;;;;;;;;;;;;;;;;;;;;;;

;;;;;;;;;;;;;;;;;;;;;;;;;;;;

;;;;;;;;;;;;;;;;;;;;;;;;;;;;

;;;;;;;;;;;;;;;;;;;;;;;;;;;;

;;;;;;;;;;;;;;;;;;;;;;;;;;;;

;;;;;;;;;;;;;;;;;;;;;;;;;;;;

;;;;;;;;;;;;;;;;;;;;;;;;;;;;

;;;;;;;;;;;;;;;;;;;;;;;;;;;;

;;;;;;;;;;;;;;;;;;;;;;;;;;;;

;;;;;;;;;;;;;;;;;;;;;;;;;;;;

;;;;;;;;;;;;;;;;;;;;;;;;;;;;

;;;;;;;;;;;;;;;;;;;;;;;;;;;;

;;;;;;;;;;;;;;;;;;;;;;;;;;;;

;;;;;;;;;;;;;;;;;;;;;;;;;;;;

;;;;;;;;;;;;;;;;;;;;;;;;;;;;

;;;;;;;;;;;;;;;;;;;;;;;;;;;;

;;;;;;;;;;;;;;;;;;;;;;;;;;;;

;;;;;;;;;;;;;;;;;;;;;;;;;;;;

;;;;;;;;;;;;;;;;;;;;;;;;;;;;

;;;;;;;;;;;;;;;;;;;;;;;;;;;;

;;;;;;;;;;;;;;;;;;;;;;;;;;;;

;;;;;;;;;;;;;;;;;;;;;;;;;;;;

;;;;;;;;;;;;;;;;;;;;;;;;;;;;

;;;;;;;;;;;;;;;;;;;;;;;;;;;;

;;;;;;;;;;;;;;;;;;;;;;;;;;;;

;;;;;;;;;;;;;;;;;;;;;;;;;;;;

;;;;;;;;;;;;;;;;;;;;;;;;;;;;

;;;;;;;;;;;;;;;;;;;;;;;;;;;;

;;;;;;;;;;;;;;;;;;;;;;;;;;;;

;;;;;;;;;;;;;;;;;;;;;;;;;;;;

;;;;;;;;;;;;;;;;;;;;;;;;;;;;

;;;;;;;;;;;;;;;;;;;;;;;;;;;;

;;;;;;;;;;;;;;;;;;;;;;;;;;;;

;;;;;;;;;;;;;;;;;;;;;;;;;;;;

;;;;;;;;;;;;;;;;;;;;;;;;;;;;

;;;;;;;;;;;;;;;;;;;;;;;;;;;;

;;;;;;;;;;;;;;;;;;;;;;;;;;;;

;;;;;;;;;;;;;;;;;;;;;;;;;;;;

;;;;;;;;;;;;;;;;;;;;;;;;;;;;

;;;;;;;;;;;;;;;;;;;;;;;;;;;;

;;;;;;;;;;;;;;;;;;;;;;;;;;;;

;;;;;;;;;;;;;;;;;;;;;;;;;;;;

;;;;;;;;;;;;;;;;;;;;;;;;;;;;

;;;;;;;;;;;;;;;;;;;;;;;;;;;;

;;;;;;;;;;;;;;;;;;;;;;;;;;;;

;;;;;;;;;;;;;;;;;;;;;;;;;;;;

;;;;;;;;;;;;;;;;;;;;;;;;;;;;

;;;;;;;;;;;;;;;;;;;;;;;;;;;;

;;;;;;;;;;;;;;;;;;;;;;;;;;;;

;;;;;;;;;;;;;;;;;;;;;;;;;;;;

;;;;;;;;;;;;;;;;;;;;;;;;;;;;

;;;;;;;;;;;;;;;;;;;;;;;;;;;;

;;;;;;;;;;;;;;;;;;;;;;;;;;;;

;;;;;;;;;;;;;;;;;;;;;;;;;;;;

;;;;;;;;;;;;;;;;;;;;;;;;;;;;

;;;;;;;;;;;;;;;;;;;;;;;;;;;;

;;;;;;;;;;;;;;;;;;;;;;;;;;;;

;;;;;;;;;;;;;;;;;;;;;;;;;;;;

;;;;;;;;;;;;;;;;;;;;;;;;;;;;

;;;;;;;;;;;;;;;;;;;;;;;;;;;;

;;;;;;;;;;;;;;;;;;;;;;;;;;;;

;;;;;;;;;;;;;;;;;;;;;;;;;;;;

;;;;;;;;;;;;;;;;;;;;;;;;;;;;

;;;;;;;;;;;;;;;;;;;;;;;;;;;;

;;;;;;;;;;;;;;;;;;;;;;;;;;;;

;;;;;;;;;;;;;;;;;;;;;;;;;;;;

;;;;;;;;;;;;;;;;;;;;;;;;;;;;

;;;;;;;;;;;;;;;;;;;;;;;;;;;;

;;;;;;;;;;;;;;;;;;;;;;;;;;;;

;;;;;;;;;;;;;;;;;;;;;;;;;;;;

;;;;;;;;;;;;;;;;;;;;;;;;;;;;

;;;;;;;;;;;;;;;;;;;;;;;;;;;;

;;;;;;;;;;;;;;;;;;;;;;;;;;;;

;;;;;;;;;;;;;;;;;;;;;;;;;;;;

;;;;;;;;;;;;;;;;;;;;;;;;;;;;

;;;;;;;;;;;;;;;;;;;;;;;;;;;;

;;;;;;;;;;;;;;;;;;;;;;;;;;;;

;;;;;;;;;;;;;;;;;;;;;;;;;;;;

;;;;;;;;;;;;;;;;;;;;;;;;;;;;

;;;;;;;;;;;;;;;;;;;;;;;;;;;;

;;;;;;;;;;;;;;;;;;;;;;;;;;;;

;;;;;;;;;;;;;;;;;;;;;;;;;;;;

;;;;;;;;;;;;;;;;;;;;;;;;;;;;

;;;;;;;;;;;;;;;;;;;;;;;;;;;;

;;;;;;;;;;;;;;;;;;;;;;;;;;;;

;;;;;;;;;;;;;;;;;;;;;;;;;;;;

;;;;;;;;;;;;;;;;;;;;;;;;;;;;

;;;;;;;;;;;;;;;;;;;;;;;;;;;;

;;;;;;;;;;;;;;;;;;;;;;;;;;;;

;;;;;;;;;;;;;;;;;;;;;;;;;;;;

;;;;;;;;;;;;;;;;;;;;;;;;;;;;

;;;;;;;;;;;;;;;;;;;;;;;;;;;;

;;;;;;;;;;;;;;;;;;;;;;;;;;;;

;;;;;;;;;;;;;;;;;;;;;;;;;;;;

;;;;;;;;;;;;;;;;;;;;;;;;;;;;

;;;;;;;;;;;;;;;;;;;;;;;;;;;;

;;;;;;;;;;;;;;;;;;;;;;;;;;;;

;;;;;;;;;;;;;;;;;;;;;;;;;;;;

;;;;;;;;;;;;;;;;;;;;;;;;;;;;

;;;;;;;;;;;;;;;;;;;;;;;;;;;;

;;;;;;;;;;;;;;;;;;;;;;;;;;;;

;;;;;;;;;;;;;;;;;;;;;;;;;;;;

;;;;;;;;;;;;;;;;;;;;;;;;;;;;

;;;;;;;;;;;;;;;;;;;;;;;;;;;;

;;;;;;;;;;;;;;;;;;;;;;;;;;;;

;;;;;;;;;;;;;;;;;;;;;;;;;;;;

;;;;;;;;;;;;;;;;;;;;;;;;;;;;

;;;;;;;;;;;;;;;;;;;;;;;;;;;;

;;;;;;;;;;;;;;;;;;;;;;;;;;;;

;;;;;;;;;;;;;;;;;;;;;;;;;;;;

;;;;;;;;;;;;;;;;;;;;;;;;;;;;

;;;;;;;;;;;;;;;;;;;;;;;;;;;;

;;;;;;;;;;;;;;;;;;;;;;;;;;;;

;;;;;;;;;;;;;;;;;;;;;;;;;;;;

;;;;;;;;;;;;;;;;;;;;;;;;;;;;

;;;;;;;;;;;;;;;;;;;;;;;;;;;;

;;;;;;;;;;;;;;;;;;;;;;;;;;;;

;;;;;;;;;;;;;;;;;;;;;;;;;;;;

;;;;;;;;;;;;;;;;;;;;;;;;;;;;

;;;;;;;;;;;;;;;;;;;;;;;;;;;;

;;;;;;;;;;;;;;;;;;;;;;;;;;;;

;;;;;;;;;;;;;;;;;;;;;;;;;;;;

;;;;;;;;;;;;;;;;;;;;;;;;;;;;

;;;;;;;;;;;;;;;;;;;;;;;;;;;;

;;;;;;;;;;;;;;;;;;;;;;;;;;;;

;;;;;;;;;;;;;;;;;;;;;;;;;;;;

;;;;;;;;;;;;;;;;;;;;;;;;;;;;

;;;;;;;;;;;;;;;;;;;;;;;;;;;;

;;;;;;;;;;;;;;;;;;;;;;;;;;;;

;;;;;;;;;;;;;;;;;;;;;;;;;;;;

;;;;;;;;;;;;;;;;;;;;;;;;;;;;

;;;;;;;;;;;;;;;;;;;;;;;;;;;;

;;;;;;;;;;;;;;;;;;;;;;;;;;;;

;;;;;;;;;;;;;;;;;;;;;;;;;;;;

;;;;;;;;;;;;;;;;;;;;;;;;;;;;

;;;;;;;;;;;;;;;;;;;;;;;;;;;;

;;;;;;;;;;;;;;;;;;;;;;;;;;;;

;;;;;;;;;;;;;;;;;;;;;;;;;;;;

;;;;;;;;;;;;;;;;;;;;;;;;;;;;

;;;;;;;;;;;;;;;;;;;;;;;;;;;;

;;;;;;;;;;;;;;;;;;;;;;;;;;;;

;;;;;;;;;;;;;;;;;;;;;;;;;;;;

;;;;;;;;;;;;;;;;;;;;;;;;;;;;

;;;;;;;;;;;;;;;;;;;;;;;;;;;;

;;;;;;;;;;;;;;;;;;;;;;;;;;;;

;;;;;;;;;;;;;;;;;;;;;;;;;;;;

;;;;;;;;;;;;;;;;;;;;;;;;;;;;

;;;;;;;;;;;;;;;;;;;;;;;;;;;;

;;;;;;;;;;;;;;;;;;;;;;;;;;;;

;;;;;;;;;;;;;;;;;;;;;;;;;;;;

;;;;;;;;;;;;;;;;;;;;;;;;;;;;

;;;;;;;;;;;;;;;;;;;;;;;;;;;;

;;;;;;;;;;;;;;;;;;;;;;;;;;;;

;;;;;;;;;;;;;;;;;;;;;;;;;;;;

;;;;;;;;;;;;;;;;;;;;;;;;;;;;

;;;;;;;;;;;;;;;;;;;;;;;;;;;;

;;;;;;;;;;;;;;;;;;;;;;;;;;;;

;;;;;;;;;;;;;;;;;;;;;;;;;;;;

;;;;;;;;;;;;;;;;;;;;;;;;;;;;

;;;;;;;;;;;;;;;;;;;;;;;;;;;;

;;;;;;;;;;;;;;;;;;;;;;;;;;;;

;;;;;;;;;;;;;;;;;;;;;;;;;;;;

;;;;;;;;;;;;;;;;;;;;;;;;;;;;

;;;;;;;;;;;;;;;;;;;;;;;;;;;;

;;;;;;;;;;;;;;;;;;;;;;;;;;;;

;;;;;;;;;;;;;;;;;;;;;;;;;;;;

;;;;;;;;;;;;;;;;;;;;;;;;;;;;

;;;;;;;;;;;;;;;;;;;;;;;;;;;;

;;;;;;;;;;;;;;;;;;;;;;;;;;;;

;;;;;;;;;;;;;;;;;;;;;;;;;;;;

;;;;;;;;;;;;;;;;;;;;;;;;;;;;

;;;;;;;;;;;;;;;;;;;;;;;;;;;;

;;;;;;;;;;;;;;;;;;;;;;;;;;;;

;;;;;;;;;;;;;;;;;;;;;;;;;;;;

;;;;;;;;;;;;;;;;;;;;;;;;;;;;

;;;;;;;;;;;;;;;;;;;;;;;;;;;;

;;;;;;;;;;;;;;;;;;;;;;;;;;;;

;;;;;;;;;;;;;;;;;;;;;;;;;;;;

;;;;;;;;;;;;;;;;;;;;;;;;;;;;

;;;;;;;;;;;;;;;;;;;;;;;;;;;;

;;;;;;;;;;;;;;;;;;;;;;;;;;;;

;;;;;;;;;;;;;;;;;;;;;;;;;;;;

;;;;;;;;;;;;;;;;;;;;;;;;;;;;

;;;;;;;;;;;;;;;;;;;;;;;;;;;;

;;;;;;;;;;;;;;;;;;;;;;;;;;;;

;;;;;;;;;;;;;;;;;;;;;;;;;;;;

;;;;;;;;;;;;;;;;;;;;;;;;;;;;

;;;;;;;;;;;;;;;;;;;;;;;;;;;;

;;;;;;;;;;;;;;;;;;;;;;;;;;;;

;;;;;;;;;;;;;;;;;;;;;;;;;;;;

;;;;;;;;;;;;;;;;;;;;;;;;;;;;

;;;;;;;;;;;;;;;;;;;;;;;;;;;;

;;;;;;;;;;;;;;;;;;;;;;;;;;;;

;;;;;;;;;;;;;;;;;;;;;;;;;;;;

;;;;;;;;;;;;;;;;;;;;;;;;;;;;

;;;;;;;;;;;;;;;;;;;;;;;;;;;;

;;;;;;;;;;;;;;;;;;;;;;;;;;;;

;;;;;;;;;;;;;;;;;;;;;;;;;;;;

;;;;;;;;;;;;;;;;;;;;;;;;;;;;

;;;;;;;;;;;;;;;;;;;;;;;;;;;;

;;;;;;;;;;;;;;;;;;;;;;;;;;;;

;;;;;;;;;;;;;;;;;;;;;;;;;;;;

;;;;;;;;;;;;;;;;;;;;;;;;;;;;

;;;;;;;;;;;;;;;;;;;;;;;;;;;;

;;;;;;;;;;;;;;;;;;;;;;;;;;;;

;;;;;;;;;;;;;;;;;;;;;;;;;;;;

;;;;;;;;;;;;;;;;;;;;;;;;;;;;

;;;;;;;;;;;;;;;;;;;;;;;;;;;;

;;;;;;;;;;;;;;;;;;;;;;;;;;;;

;;;;;;;;;;;;;;;;;;;;;;;;;;;;

;;;;;;;;;;;;;;;;;;;;;;;;;;;;

;;;;;;;;;;;;;;;;;;;;;;;;;;;;

;;;;;;;;;;;;;;;;;;;;;;;;;;;;

;;;;;;;;;;;;;;;;;;;;;;;;;;;;

;;;;;;;;;;;;;;;;;;;;;;;;;;;;

;;;;;;;;;;;;;;;;;;;;;;;;;;;;

;;;;;;;;;;;;;;;;;;;;;;;;;;;;

;;;;;;;;;;;;;;;;;;;;;;;;;;;;

;;;;;;;;;;;;;;;;;;;;;;;;;;;;

;;;;;;;;;;;;;;;;;;;;;;;;;;;;

;;;;;;;;;;;;;;;;;;;;;;;;;;;;

;;;;;;;;;;;;;;;;;;;;;;;;;;;;

;;;;;;;;;;;;;;;;;;;;;;;;;;;;

;;;;;;;;;;;;;;;;;;;;;;;;;;;;

;;;;;;;;;;;;;;;;;;;;;;;;;;;;

;;;;;;;;;;;;;;;;;;;;;;;;;;;;

;;;;;;;;;;;;;;;;;;;;;;;;;;;;

;;;;;;;;;;;;;;;;;;;;;;;;;;;;

;;;;;;;;;;;;;;;;;;;;;;;;;;;;

;;;;;;;;;;;;;;;;;;;;;;;;;;;;

;;;;;;;;;;;;;;;;;;;;;;;;;;;;

;;;;;;;;;;;;;;;;;;;;;;;;;;;;

;;;;;;;;;;;;;;;;;;;;;;;;;;;;

;;;;;;;;;;;;;;;;;;;;;;;;;;;;

;;;;;;;;;;;;;;;;;;;;;;;;;;;;

;;;;;;;;;;;;;;;;;;;;;;;;;;;;

;;;;;;;;;;;;;;;;;;;;;;;;;;;;

;;;;;;;;;;;;;;;;;;;;;;;;;;;;

;;;;;;;;;;;;;;;;;;;;;;;;;;;;

;;;;;;;;;;;;;;;;;;;;;;;;;;;;

;;;;;;;;;;;;;;;;;;;;;;;;;;;;

;;;;;;;;;;;;;;;;;;;;;;;;;;;;

;;;;;;;;;;;;;;;;;;;;;;;;;;;;

;;;;;;;;;;;;;;;;;;;;;;;;;;;;

;;;;;;;;;;;;;;;;;;;;;;;;;;;;

;;;;;;;;;;;;;;;;;;;;;;;;;;;;

;;;;;;;;;;;;;;;;;;;;;;;;;;;;

;;;;;;;;;;;;;;;;;;;;;;;;;;;;

;;;;;;;;;;;;;;;;;;;;;;;;;;;;

;;;;;;;;;;;;;;;;;;;;;;;;;;;;

;;;;;;;;;;;;;;;;;;;;;;;;;;;;

;;;;;;;;;;;;;;;;;;;;;;;;;;;;

;;;;;;;;;;;;;;;;;;;;;;;;;;;;

;;;;;;;;;;;;;;;;;;;;;;;;;;;;

;;;;;;;;;;;;;;;;;;;;;;;;;;;;

;;;;;;;;;;;;;;;;;;;;;;;;;;;;

;;;;;;;;;;;;;;;;;;;;;;;;;;;;

;;;;;;;;;;;;;;;;;;;;;;;;;;;;

;;;;;;;;;;;;;;;;;;;;;;;;;;;;

;;;;;;;;;;;;;;;;;;;;;;;;;;;;

;;;;;;;;;;;;;;;;;;;;;;;;;;;;

;;;;;;;;;;;;;;;;;;;;;;;;;;;;

;;;;;;;;;;;;;;;;;;;;;;;;;;;;

;;;;;;;;;;;;;;;;;;;;;;;;;;;;

;;;;;;;;;;;;;;;;;;;;;;;;;;;;

;;;;;;;;;;;;;;;;;;;;;;;;;;;;

;;;;;;;;;;;;;;;;;;;;;;;;;;;;

;;;;;;;;;;;;;;;;;;;;;;;;;;;;

;;;;;;;;;;;;;;;;;;;;;;;;;;;;

;;;;;;;;;;;;;;;;;;;;;;;;;;;;

;;;;;;;;;;;;;;;;;;;;;;;;;;;;

;;;;;;;;;;;;;;;;;;;;;;;;;;;;

;;;;;;;;;;;;;;;;;;;;;;;;;;;;

;;;;;;;;;;;;;;;;;;;;;;;;;;;;

;;;;;;;;;;;;;;;;;;;;;;;;;;;;

;;;;;;;;;;;;;;;;;;;;;;;;;;;;

;;;;;;;;;;;;;;;;;;;;;;;;;;;;

;;;;;;;;;;;;;;;;;;;;;;;;;;;;

;;;;;;;;;;;;;;;;;;;;;;;;;;;;

;;;;;;;;;;;;;;;;;;;;;;;;;;;;

;;;;;;;;;;;;;;;;;;;;;;;;;;;;

;;;;;;;;;;;;;;;;;;;;;;;;;;;;

;;;;;;;;;;;;;;;;;;;;;;;;;;;;

;;;;;;;;;;;;;;;;;;;;;;;;;;;;

;;;;;;;;;;;;;;;;;;;;;;;;;;;;

;;;;;;;;;;;;;;;;;;;;;;;;;;;;

;;;;;;;;;;;;;;;;;;;;;;;;;;;;

;;;;;;;;;;;;;;;;;;;;;;;;;;;;

;;;;;;;;;;;;;;;;;;;;;;;;;;;;

;;;;;;;;;;;;;;;;;;;;;;;;;;;;

;;;;;;;;;;;;;;;;;;;;;;;;;;;;

;;;;;;;;;;;;;;;;;;;;;;;;;;;;

;;;;;;;;;;;;;;;;;;;;;;;;;;;;

;;;;;;;;;;;;;;;;;;;;;;;;;;;;

;;;;;;;;;;;;;;;;;;;;;;;;;;;;

;;;;;;;;;;;;;;;;;;;;;;;;;;;;

;;;;;;;;;;;;;;;;;;;;;;;;;;;;

;;;;;;;;;;;;;;;;;;;;;;;;;;;;

;;;;;;;;;;;;;;;;;;;;;;;;;;;;

;;;;;;;;;;;;;;;;;;;;;;;;;;;;

;;;;;;;;;;;;;;;;;;;;;;;;;;;;

;;;;;;;;;;;;;;;;;;;;;;;;;;;;

;;;;;;;;;;;;;;;;;;;;;;;;;;;;

;;;;;;;;;;;;;;;;;;;;;;;;;;;;

;;;;;;;;;;;;;;;;;;;;;;;;;;;;

;;;;;;;;;;;;;;;;;;;;;;;;;;;;

;;;;;;;;;;;;;;;;;;;;;;;;;;;;

;;;;;;;;;;;;;;;;;;;;;;;;;;;;

;;;;;;;;;;;;;;;;;;;;;;;;;;;;

;;;;;;;;;;;;;;;;;;;;;;;;;;;;

;;;;;;;;;;;;;;;;;;;;;;;;;;;;

;;;;;;;;;;;;;;;;;;;;;;;;;;;;

;;;;;;;;;;;;;;;;;;;;;;;;;;;;

;;;;;;;;;;;;;;;;;;;;;;;;;;;;

;;;;;;;;;;;;;;;;;;;;;;;;;;;;

;;;;;;;;;;;;;;;;;;;;;;;;;;;;

;;;;;;;;;;;;;;;;;;;;;;;;;;;;

;;;;;;;;;;;;;;;;;;;;;;;;;;;;

;;;;;;;;;;;;;;;;;;;;;;;;;;;;

;;;;;;;;;;;;;;;;;;;;;;;;;;;;

;;;;;;;;;;;;;;;;;;;;;;;;;;;;

;;;;;;;;;;;;;;;;;;;;;;;;;;;;

;;;;;;;;;;;;;;;;;;;;;;;;;;;;

;;;;;;;;;;;;;;;;;;;;;;;;;;;;

;;;;;;;;;;;;;;;;;;;;;;;;;;;;

;;;;;;;;;;;;;;;;;;;;;;;;;;;;

;;;;;;;;;;;;;;;;;;;;;;;;;;;;

;;;;;;;;;;;;;;;;;;;;;;;;;;;;

;;;;;;;;;;;;;;;;;;;;;;;;;;;;

;;;;;;;;;;;;;;;;;;;;;;;;;;;;

;;;;;;;;;;;;;;;;;;;;;;;;;;;;

;;;;;;;;;;;;;;;;;;;;;;;;;;;;

;;;;;;;;;;;;;;;;;;;;;;;;;;;;

;;;;;;;;;;;;;;;;;;;;;;;;;;;;

;;;;;;;;;;;;;;;;;;;;;;;;;;;;

;;;;;;;;;;;;;;;;;;;;;;;;;;;;

;;;;;;;;;;;;;;;;;;;;;;;;;;;;

;;;;;;;;;;;;;;;;;;;;;;;;;;;;

;;;;;;;;;;;;;;;;;;;;;;;;;;;;

;;;;;;;;;;;;;;;;;;;;;;;;;;;;

;;;;;;;;;;;;;;;;;;;;;;;;;;;;

;;;;;;;;;;;;;;;;;;;;;;;;;;;;

;;;;;;;;;;;;;;;;;;;;;;;;;;;;

;;;;;;;;;;;;;;;;;;;;;;;;;;;;

;;;;;;;;;;;;;;;;;;;;;;;;;;;;

;;;;;;;;;;;;;;;;;;;;;;;;;;;;

;;;;;;;;;;;;;;;;;;;;;;;;;;;;

;;;;;;;;;;;;;;;;;;;;;;;;;;;;

;;;;;;;;;;;;;;;;;;;;;;;;;;;;

;;;;;;;;;;;;;;;;;;;;;;;;;;;;

;;;;;;;;;;;;;;;;;;;;;;;;;;;;

;;;;;;;;;;;;;;;;;;;;;;;;;;;;

;;;;;;;;;;;;;;;;;;;;;;;;;;;;

;;;;;;;;;;;;;;;;;;;;;;;;;;;;

;;;;;;;;;;;;;;;;;;;;;;;;;;;;

;;;;;;;;;;;;;;;;;;;;;;;;;;;;

;;;;;;;;;;;;;;;;;;;;;;;;;;;;

;;;;;;;;;;;;;;;;;;;;;;;;;;;;

;;;;;;;;;;;;;;;;;;;;;;;;;;;;

;;;;;;;;;;;;;;;;;;;;;;;;;;;;

;;;;;;;;;;;;;;;;;;;;;;;;;;;;

;;;;;;;;;;;;;;;;;;;;;;;;;;;;

;;;;;;;;;;;;;;;;;;;;;;;;;;;;

;;;;;;;;;;;;;;;;;;;;;;;;;;;;

;;;;;;;;;;;;;;;;;;;;;;;;;;;;

;;;;;;;;;;;;;;;;;;;;;;;;;;;;

;;;;;;;;;;;;;;;;;;;;;;;;;;;;

;;;;;;;;;;;;;;;;;;;;;;;;;;;;

;;;;;;;;;;;;;;;;;;;;;;;;;;;;

;;;;;;;;;;;;;;;;;;;;;;;;;;;;

;;;;;;;;;;;;;;;;;;;;;;;;;;;;

;;;;;;;;;;;;;;;;;;;;;;;;;;;;

;;;;;;;;;;;;;;;;;;;;;;;;;;;;

;;;;;;;;;;;;;;;;;;;;;;;;;;;;

;;;;;;;;;;;;;;;;;;;;;;;;;;;;

;;;;;;;;;;;;;;;;;;;;;;;;;;;;

;;;;;;;;;;;;;;;;;;;;;;;;;;;;

;;;;;;;;;;;;;;;;;;;;;;;;;;;;

;;;;;;;;;;;;;;;;;;;;;;;;;;;;

;;;;;;;;;;;;;;;;;;;;;;;;;;;;

;;;;;;;;;;;;;;;;;;;;;;;;;;;;

;;;;;;;;;;;;;;;;;;;;;;;;;;;;

;;;;;;;;;;;;;;;;;;;;;;;;;;;;

;;;;;;;;;;;;;;;;;;;;;;;;;;;;

;;;;;;;;;;;;;;;;;;;;;;;;;;;;

;;;;;;;;;;;;;;;;;;;;;;;;;;;;

;;;;;;;;;;;;;;;;;;;;;;;;;;;;

;;;;;;;;;;;;;;;;;;;;;;;;;;;;

;;;;;;;;;;;;;;;;;;;;;;;;;;;;

;;;;;;;;;;;;;;;;;;;;;;;;;;;;

;;;;;;;;;;;;;;;;;;;;;;;;;;;;

;;;;;;;;;;;;;;;;;;;;;;;;;;;;

;;;;;;;;;;;;;;;;;;;;;;;;;;;;

;;;;;;;;;;;;;;;;;;;;;;;;;;;;

;;;;;;;;;;;;;;;;;;;;;;;;;;;;

;;;;;;;;;;;;;;;;;;;;;;;;;;;;

;;;;;;;;;;;;;;;;;;;;;;;;;;;;

;;;;;;;;;;;;;;;;;;;;;;;;;;;;

;;;;;;;;;;;;;;;;;;;;;;;;;;;;

;;;;;;;;;;;;;;;;;;;;;;;;;;;;

;;;;;;;;;;;;;;;;;;;;;;;;;;;;

;;;;;;;;;;;;;;;;;;;;;;;;;;;;

;;;;;;;;;;;;;;;;;;;;;;;;;;;;

;;;;;;;;;;;;;;;;;;;;;;;;;;;;

;;;;;;;;;;;;;;;;;;;;;;;;;;;;

;;;;;;;;;;;;;;;;;;;;;;;;;;;;

;;;;;;;;;;;;;;;;;;;;;;;;;;;;

;;;;;;;;;;;;;;;;;;;;;;;;;;;;

;;;;;;;;;;;;;;;;;;;;;;;;;;;;

;;;;;;;;;;;;;;;;;;;;;;;;;;;;

;;;;;;;;;;;;;;;;;;;;;;;;;;;;

;;;;;;;;;;;;;;;;;;;;;;;;;;;;

;;;;;;;;;;;;;;;;;;;;;;;;;;;;

;;;;;;;;;;;;;;;;;;;;;;;;;;;;

;;;;;;;;;;;;;;;;;;;;;;;;;;;;

;;;;;;;;;;;;;;;;;;;;;;;;;;;;

;;;;;;;;;;;;;;;;;;;;;;;;;;;;

;;;;;;;;;;;;;;;;;;;;;;;;;;;;

;;;;;;;;;;;;;;;;;;;;;;;;;;;;

;;;;;;;;;;;;;;;;;;;;;;;;;;;;

;;;;;;;;;;;;;;;;;;;;;;;;;;;;

;;;;;;;;;;;;;;;;;;;;;;;;;;;;

;;;;;;;;;;;;;;;;;;;;;;;;;;;;

;;;;;;;;;;;;;;;;;;;;;;;;;;;;

;;;;;;;;;;;;;;;;;;;;;;;;;;;;

;;;;;;;;;;;;;;;;;;;;;;;;;;;;

;;;;;;;;;;;;;;;;;;;;;;;;;;;;

;;;;;;;;;;;;;;;;;;;;;;;;;;;;

;;;;;;;;;;;;;;;;;;;;;;;;;;;;

;;;;;;;;;;;;;;;;;;;;;;;;;;;;

;;;;;;;;;;;;;;;;;;;;;;;;;;;;

;;;;;;;;;;;;;;;;;;;;;;;;;;;;

;;;;;;;;;;;;;;;;;;;;;;;;;;;;

;;;;;;;;;;;;;;;;;;;;;;;;;;;;

;;;;;;;;;;;;;;;;;;;;;;;;;;;;

;;;;;;;;;;;;;;;;;;;;;;;;;;;;

;;;;;;;;;;;;;;;;;;;;;;;;;;;;

;;;;;;;;;;;;;;;;;;;;;;;;;;;;

;;;;;;;;;;;;;;;;;;;;;;;;;;;;

;;;;;;;;;;;;;;;;;;;;;;;;;;;;

;;;;;;;;;;;;;;;;;;;;;;;;;;;;

;;;;;;;;;;;;;;;;;;;;;;;;;;;;

;;;;;;;;;;;;;;;;;;;;;;;;;;;;

;;;;;;;;;;;;;;;;;;;;;;;;;;;;

;;;;;;;;;;;;;;;;;;;;;;;;;;;;

;;;;;;;;;;;;;;;;;;;;;;;;;;;;

;;;;;;;;;;;;;;;;;;;;;;;;;;;;

;;;;;;;;;;;;;;;;;;;;;;;;;;;;

;;;;;;;;;;;;;;;;;;;;;;;;;;;;

;;;;;;;;;;;;;;;;;;;;;;;;;;;;

;;;;;;;;;;;;;;;;;;;;;;;;;;;;

;;;;;;;;;;;;;;;;;;;;;;;;;;;;

;;;;;;;;;;;;;;;;;;;;;;;;;;;;

;;;;;;;;;;;;;;;;;;;;;;;;;;;;

;;;;;;;;;;;;;;;;;;;;;;;;;;;;

;;;;;;;;;;;;;;;;;;;;;;;;;;;;

;;;;;;;;;;;;;;;;;;;;;;;;;;;;

;;;;;;;;;;;;;;;;;;;;;;;;;;;;

;;;;;;;;;;;;;;;;;;;;;;;;;;;;

;;;;;;;;;;;;;;;;;;;;;;;;;;;;

;;;;;;;;;;;;;;;;;;;;;;;;;;;;

;;;;;;;;;;;;;;;;;;;;;;;;;;;;

;;;;;;;;;;;;;;;;;;;;;;;;;;;;

;;;;;;;;;;;;;;;;;;;;;;;;;;;;

;;;;;;;;;;;;;;;;;;;;;;;;;;;;

;;;;;;;;;;;;;;;;;;;;;;;;;;;;

;;;;;;;;;;;;;;;;;;;;;;;;;;;;

;;;;;;;;;;;;;;;;;;;;;;;;;;;;

;;;;;;;;;;;;;;;;;;;;;;;;;;;;

;;;;;;;;;;;;;;;;;;;;;;;;;;;;

;;;;;;;;;;;;;;;;;;;;;;;;;;;;

;;;;;;;;;;;;;;;;;;;;;;;;;;;;

;;;;;;;;;;;;;;;;;;;;;;;;;;;;

;;;;;;;;;;;;;;;;;;;;;;;;;;;;

;;;;;;;;;;;;;;;;;;;;;;;;;;;;

;;;;;;;;;;;;;;;;;;;;;;;;;;;;

;;;;;;;;;;;;;;;;;;;;;;;;;;;;

;;;;;;;;;;;;;;;;;;;;;;;;;;;;

;;;;;;;;;;;;;;;;;;;;;;;;;;;;

;;;;;;;;;;;;;;;;;;;;;;;;;;;;

;;;;;;;;;;;;;;;;;;;;;;;;;;;;

;;;;;;;;;;;;;;;;;;;;;;;;;;;;

;;;;;;;;;;;;;;;;;;;;;;;;;;;;

;;;;;;;;;;;;;;;;;;;;;;;;;;;;

;;;;;;;;;;;;;;;;;;;;;;;;;;;;

;;;;;;;;;;;;;;;;;;;;;;;;;;;;

;;;;;;;;;;;;;;;;;;;;;;;;;;;;

;;;;;;;;;;;;;;;;;;;;;;;;;;;;

;;;;;;;;;;;;;;;;;;;;;;;;;;;;

;;;;;;;;;;;;;;;;;;;;;;;;;;;;

;;;;;;;;;;;;;;;;;;;;;;;;;;;;

;;;;;;;;;;;;;;;;;;;;;;;;;;;;

;;;;;;;;;;;;;;;;;;;;;;;;;;;;

;;;;;;;;;;;;;;;;;;;;;;;;;;;;

;;;;;;;;;;;;;;;;;;;;;;;;;;;;

;;;;;;;;;;;;;;;;;;;;;;;;;;;;

;;;;;;;;;;;;;;;;;;;;;;;;;;;;

;;;;;;;;;;;;;;;;;;;;;;;;;;;;

;;;;;;;;;;;;;;;;;;;;;;;;;;;;

;;;;;;;;;;;;;;;;;;;;;;;;;;;;

;;;;;;;;;;;;;;;;;;;;;;;;;;;;

;;;;;;;;;;;;;;;;;;;;;;;;;;;;

;;;;;;;;;;;;;;;;;;;;;;;;;;;;

;;;;;;;;;;;;;;;;;;;;;;;;;;;;

;;;;;;;;;;;;;;;;;;;;;;;;;;;;

;;;;;;;;;;;;;;;;;;;;;;;;;;;;

;;;;;;;;;;;;;;;;;;;;;;;;;;;;

;;;;;;;;;;;;;;;;;;;;;;;;;;;;

;;;;;;;;;;;;;;;;;;;;;;;;;;;;

;;;;;;;;;;;;;;;;;;;;;;;;;;;;

;;;;;;;;;;;;;;;;;;;;;;;;;;;;

;;;;;;;;;;;;;;;;;;;;;;;;;;;;

;;;;;;;;;;;;;;;;;;;;;;;;;;;;

;;;;;;;;;;;;;;;;;;;;;;;;;;;;

;;;;;;;;;;;;;;;;;;;;;;;;;;;;

;;;;;;;;;;;;;;;;;;;;;;;;;;;;

;;;;;;;;;;;;;;;;;;;;;;;;;;;;

;;;;;;;;;;;;;;;;;;;;;;;;;;;;

;;;;;;;;;;;;;;;;;;;;;;;;;;;;

;;;;;;;;;;;;;;;;;;;;;;;;;;;;

;;;;;;;;;;;;;;;;;;;;;;;;;;;;

;;;;;;;;;;;;;;;;;;;;;;;;;;;;

;;;;;;;;;;;;;;;;;;;;;;;;;;;;

;;;;;;;;;;;;;;;;;;;;;;;;;;;;

;;;;;;;;;;;;;;;;;;;;;;;;;;;;

;;;;;;;;;;;;;;;;;;;;;;;;;;;;

;;;;;;;;;;;;;;;;;;;;;;;;;;;;

;;;;;;;;;;;;;;;;;;;;;;;;;;;;

;;;;;;;;;;;;;;;;;;;;;;;;;;;;

;;;;;;;;;;;;;;;;;;;;;;;;;;;;

;;;;;;;;;;;;;;;;;;;;;;;;;;;;

;;;;;;;;;;;;;;;;;;;;;;;;;;;;

;;;;;;;;;;;;;;;;;;;;;;;;;;;;

;;;;;;;;;;;;;;;;;;;;;;;;;;;;

;;;;;;;;;;;;;;;;;;;;;;;;;;;;

;;;;;;;;;;;;;;;;;;;;;;;;;;;;

;;;;;;;;;;;;;;;;;;;;;;;;;;;;

;;;;;;;;;;;;;;;;;;;;;;;;;;;;

;;;;;;;;;;;;;;;;;;;;;;;;;;;;

;;;;;;;;;;;;;;;;;;;;;;;;;;;;

;;;;;;;;;;;;;;;;;;;;;;;;;;;;

;;;;;;;;;;;;;;;;;;;;;;;;;;;;

;;;;;;;;;;;;;;;;;;;;;;;;;;;;

;;;;;;;;;;;;;;;;;;;;;;;;;;;;

;;;;;;;;;;;;;;;;;;;;;;;;;;;;

;;;;;;;;;;;;;;;;;;;;;;;;;;;;

;;;;;;;;;;;;;;;;;;;;;;;;;;;;

;;;;;;;;;;;;;;;;;;;;;;;;;;;;

;;;;;;;;;;;;;;;;;;;;;;;;;;;;

;;;;;;;;;;;;;;;;;;;;;;;;;;;;

;;;;;;;;;;;;;;;;;;;;;;;;;;;;

;;;;;;;;;;;;;;;;;;;;;;;;;;;;

;;;;;;;;;;;;;;;;;;;;;;;;;;;;

;;;;;;;;;;;;;;;;;;;;;;;;;;;;

;;;;;;;;;;;;;;;;;;;;;;;;;;;;

;;;;;;;;;;;;;;;;;;;;;;;;;;;;

;;;;;;;;;;;;;;;;;;;;;;;;;;;;
